02_056437.1_25820675	02_056453.1_7221155	02_056438.1_34769592	02_056444.1_9818646	02_056433.1_72356460	02_056441.1_20506	02_056438.1_34769519	02_056444.1_9818642	02_056452.1_8273558	02_056461.1_12946805	02_056436.1_37991830	02_056441.1_52069361	02_056449.1_3252119	02_056458.1_26391198	02_056436.1_37990709	02_056438.1_34769419	02_056449.1_3252166	02_056439.1_50863722	02_056445.1_16734773	02_056461.1_12946767	02_056445.1_16734818	02_056433.1_72356444	02_056436.1_37991859	02_056437.1_25820681	02_056446.1_798640	02_056449.1_3252246	02_056433.1_72356428	02_056438.1_34769709	02_056461.1_12946836	02_056436.1_37990696	02_056438.1_2125290	02_056460.1_10339361	02_056458.1_26391195	02_056438.1_34769442	02_056444.1_9868895	02_056434.1_65241746	02_056437.1_25820710	02_056432.1_6542994	02_056460.1_11094386	02_056445.1_16734807	02_056449.1_3252417	02_056437.1_25820655	02_056436.1_42576640	02_056449.1_3252415	02_056449.1_3252371	02_056453.1_7221174	02_056436.1_42576641	02_056438.1_34769412	02_056452.1_18162	02_056449.1_3252191	02_056438.1_34769491	02_056444.1_9818590	02_056438.1_34769436	02_056438.1_34769527	02_056438.1_35041544	02_056436.1_37990635	02_056436.1_42576714	02_056432.1_40729487	02_056438.1_34769759	02_056459.1_2552067	02_056433.1_72356432	02_056437.1_25820623	02_056449.1_3252120	02_056437.1_25820688	02_056436.1_37991742	02_056438.1_34769532	02_056444.1_9818661	02_056436.1_5436209	02_056453.1_7221109	02_056444.1_9818521	02_056453.1_7221143	02_056460.1_11094223	02_056452.1_14764	02_056449.1_3252446	02_056444.1_9892627	02_056437.1_25820621	02_056436.1_37990722	02_056438.1_34769611	02_056460.1_11094278	02_056461.1_12946768	02_056461.1_12946742	02_056438.1_34769643	02_056460.1_11094200	02_056460.1_11094325
0	0	0	0	0	0	0	0	0	0	0	0	0	0	0	0	0	0	0	0	0	0	0	0	0	0	0	0	0	0	0	0	0	0	0	0	0	0	0	0	0	0	0	0	0	0	0	0	0	0	0	0	0	0	0	0	0	0	0	0	0	0	0	0	0	0	0	0	0	0	0	0	0	0	0	0	0	0	0	0	0	0	0	0
0.05	0.05	0.05	0.05	0.05	0.05	0.05	0.05	0.05	0.05	0.05	0.05	0.05	0.05	0.05	0.05	0.05	0.05	0.05	0.05	0.05	0.05	0.05	0.05	0.05	0.05	0.05	0.05	0.05	0.05	0.05	0.05	0.05	0.05	0.05	0.05	0.05	0.05	0.05	0.05	0.05	0.05	0.05	0.05	0.05	0.05	0.05	0.05	0.05	0.05	0.05	0.05	0.05	0.05	0.05	0.05	0.05	0.05	0.05	0.05	0.05	0.05	0.05	0.05	0.05	0.05	0.05	0.05	0.05	0.05	0.05	0.05	0.05	0.05	0.05	0.05	0.05	0.05	0.05	0.05	0.05	0.05	0.05	0.05
0.05	0.05	0.05	0.05	0.05	0.05	0.05	0.05	0.05	0.05	0.05	0.05	0.05	0.05	0.05	0.05	0.05	0.05	0.05	0.05	0.05	0.05	0.05	0.05	0.05	0.05	0.05	0.05	0.05	0.05	0.05	0.05	0.05	0.05	0.05	0.05	0.05	0.05	0.05	0.05	0.05	0.05	0.05	0.05	0.05	0.05	0.05	0.05	0.05	0.05	0.05	0.05	0.05	0.05	0.05	0.05	0.05	0.05	0.05	0.05	0.05	0.05	0.05	0.05	0.05	0.05	0.05	0.05	0.05	0.05	0.05	0.05	0.05	0.05	0.05	0.05	0.05	0.05	0.05	0.05	0.05	0.05	0.05	0.05

PC_CHN_RST_2018_404	 	2 4	2 2	2 2	4 4	4 4	3 3	0 0	1 4	0 0	2 2	0 0	1 1	4 2	1 1	3 3	1 3	2 2	3 3	1 1	1 2	3 3	4 2	3 3	1 1	2 2	2 2	2 1	3 4	2 3	3 3	1 1	3 3	4 4	3 1	3 3	2 2	2 4	2 2	4 4	4 4	1 1	2 2	3 3	2 4	2 4	0 0	3 3	1 4	2 2	4 4	2 4	1 4	3 1	4 2	1 1	0 0	1 1	4 1	2 4	1 3	2 2	4 4	3 2	1 3	2 2	2 4	4 4	4 4	4 4	4 3	1 1	2 2	0 0	4 4	3 3	4 4	4 4	4 4	1 4	2 1	1 3	4 4	3 2	3 3
PC_CHN_RST_2018_710	 	2 4	2 1	2 2	4 4	4 4	3 2	2 1	1 1	2 2	2 4	3 3	1 1	4 2	1 4	0 0	1 3	2 2	0 0	1 1	1 2	3 3	4 2	3 3	1 2	2 2	2 2	2 1	3 3	2 2	0 0	1 1	0 0	4 3	3 1	3 1	2 2	2 4	2 2	4 4	4 4	1 1	2 2	3 3	2 2	2 2	0 0	3 3	1 4	2 3	4 4	2 4	1 1	3 1	4 2	1 1	0 0	1 1	0 0	2 2	0 0	0 0	4 2	3 2	1 1	2 2	2 4	4 4	0 0	4 1	4 4	0 0	2 2	0 0	4 4	3 3	4 2	0 0	4 4	1 1	2 1	1 3	4 4	3 2	3 4
PC_CHN_RST_2018_773	 	2 2	2 2	2 2	4 4	4 4	0 0	2 2	1 1	2 2	2 2	3 3	1 1	0 0	1 4	3 3	1 1	0 0	3 3	0 0	0 0	0 0	4 4	3 3	1 1	2 2	2 1	2 2	3 3	0 0	3 3	1 1	3 3	4 3	3 3	3 3	0 0	2 2	2 2	4 1	0 0	1 1	2 2	3 3	0 0	2 2	2 2	3 3	1 1	2 2	4 3	2 2	1 1	3 3	4 4	1 1	2 2	4 4	0 0	2 2	1 1	2 2	4 4	0 0	1 3	2 2	2 2	4 4	4 2	4 4	4 4	1 1	0 0	3 3	0 0	3 3	4 4	4 4	4 4	1 1	0 0	0 0	4 4	3 3	3 3
PC_CHN_RST_2018_782	 	2 2	2 2	2 2	4 4	4 4	3 3	2 2	1 1	2 2	2 4	3 3	1 1	4 4	0 0	3 3	1 1	2 2	3 3	1 1	1 1	3 3	4 2	3 3	1 1	0 0	2 1	0 0	0 0	2 3	3 3	1 1	3 1	0 0	3 3	3 3	2 2	2 2	2 2	4 4	4 4	1 1	2 2	3 3	2 2	2 2	2 2	1 1	1 1	2 2	4 3	2 2	1 1	3 3	4 4	1 1	2 4	1 1	4 4	2 2	1 1	2 2	4 2	3 3	1 1	2 2	2 2	4 4	4 2	4 4	0 0	0 0	2 2	3 3	4 4	3 3	4 2	4 4	4 4	1 1	0 0	0 0	4 1	3 3	3 3
PC_CHN_RST_2018_845	 	2 2	2 2	2 2	4 4	4 4	3 3	0 0	0 0	2 2	2 2	3 3	1 1	4 4	1 1	0 0	1 3	2 2	3 3	1 1	1 2	3 3	4 2	3 3	1 2	2 2	2 2	2 2	3 3	2 3	0 0	1 3	3 3	4 4	3 1	3 3	2 2	2 2	2 2	4 4	4 4	1 1	2 4	0 0	2 2	2 2	2 2	0 0	1 4	2 2	4 4	2 4	0 0	3 1	4 2	1 3	2 2	0 0	4 4	2 2	1 1	2 1	4 4	3 3	1 1	2 2	2 4	4 4	4 4	4 4	4 4	1 1	2 2	0 0	4 4	3 3	4 4	0 0	4 4	1 1	2 1	1 3	4 4	3 3	3 3
PC_CHN_RST_2018_854	 	2 4	2 2	2 4	4 4	4 4	3 3	2 1	1 1	2 2	2 2	3 3	1 1	0 0	1 1	3 3	1 3	2 4	3 3	1 1	1 1	3 3	4 2	3 3	1 1	2 2	2 2	2 1	3 3	2 2	3 3	1 1	3 3	4 4	3 1	0 0	2 2	2 2	2 2	4 4	4 4	1 3	2 2	3 3	0 0	2 2	2 2	3 3	1 4	2 2	4 4	2 4	1 4	3 1	4 2	1 3	2 2	1 1	4 1	2 2	1 1	2 2	0 0	0 0	1 1	0 0	2 4	4 4	4 4	4 4	4 4	1 1	2 2	3 3	4 4	3 1	0 0	4 1	4 4	1 1	2 2	1 1	4 4	3 3	3 4
PC_CHN_RST_2018_917	 	2 2	2 2	2 2	4 4	4 2	3 3	2 2	1 1	2 2	2 2	3 3	1 3	4 4	1 1	0 0	1 1	2 2	0 0	1 1	1 2	3 3	4 2	3 3	1 1	2 2	2 2	2 2	3 3	0 0	0 0	1 1	0 0	4 4	3 3	3 1	0 0	2 2	2 2	4 4	4 4	1 1	2 2	3 3	2 2	2 2	2 2	3 3	1 1	2 2	4 4	2 2	1 1	3 3	4 4	1 1	2 2	1 1	4 4	0 0	1 1	2 2	4 4	3 3	1 1	2 2	2 2	4 4	4 4	4 4	4 4	0 0	2 1	0 0	4 4	3 3	4 4	0 0	4 4	1 1	2 1	0 0	0 0	3 2	3 3
PC_CHN_RST_2018_2023	 	2 2	2 2	0 0	4 4	4 4	0 0	2 2	1 1	2 2	2 2	3 3	1 1	4 4	1 1	0 0	1 1	2 4	3 3	0 0	2 2	0 0	4 2	3 3	1 1	0 0	2 2	2 1	3 3	2 2	0 0	1 1	3 3	4 4	3 3	3 3	2 4	0 0	2 2	4 4	0 0	1 1	2 2	3 3	2 2	2 2	2 2	3 3	1 1	0 0	4 4	2 2	1 1	3 3	4 4	1 3	2 2	1 1	4 4	2 2	0 0	2 2	4 4	3 3	1 1	0 0	2 2	4 4	4 2	4 4	4 4	1 2	2 2	3 3	4 4	3 3	4 4	0 0	4 4	1 1	1 1	1 3	4 1	3 3	3 3
PC_CHN_RST_2018_1073	 	2 2	0 0	2 2	4 4	4 4	3 3	2 2	1 1	2 1	2 2	3 4	1 3	4 4	1 1	0 0	1 1	2 2	0 0	1 1	1 1	3 3	4 2	3 1	1 1	2 2	2 1	2 1	0 0	2 2	0 0	1 1	3 3	4 4	3 3	0 0	2 2	2 2	2 2	4 4	4 4	1 3	2 4	3 3	2 4	2 2	0 0	3 3	1 1	2 2	4 4	2 2	1 1	3 3	4 4	1 1	2 2	1 1	4 4	2 2	1 1	2 2	4 4	3 3	1 3	0 0	2 2	4 4	0 0	4 4	4 4	0 0	2 2	0 0	4 4	3 1	4 4	0 0	4 4	1 1	2 2	1 1	4 4	3 3	3 3
PC_CHN_RST_2018_1145	 	2 2	0 0	2 2	4 4	4 4	0 0	2 2	1 1	2 2	2 2	3 3	1 1	4 4	1 1	3 3	0 0	2 2	0 0	0 0	2 2	0 0	4 4	3 3	1 1	0 0	2 2	2 2	3 3	2 3	3 4	0 0	0 0	4 4	3 3	3 1	2 2	2 2	2 2	4 4	0 0	1 1	2 4	3 3	2 2	2 2	2 4	3 3	0 0	2 2	4 4	2 2	1 1	3 3	4 4	1 3	2 2	1 1	4 4	0 0	1 1	2 2	4 2	3 3	1 1	2 2	2 2	4 4	4 4	4 4	4 4	1 1	2 1	3 3	4 4	3 3	4 2	4 4	4 4	1 4	1 1	0 0	0 0	3 3	3 3
PC_CHN_RST_2018_1209	 	2 2	2 2	2 2	4 4	4 4	3 3	2 2	1 1	2 2	2 2	3 3	1 1	4 4	1 1	3 3	1 1	2 2	3 3	1 1	1 1	3 3	4 4	3 3	1 1	2 2	2 2	2 2	3 3	2 2	3 3	1 3	3 3	4 4	3 3	3 1	2 2	2 2	2 2	4 4	4 4	1 3	2 2	3 3	0 0	2 2	2 2	3 3	1 1	2 2	4 4	2 2	1 1	3 3	4 4	1 3	2 2	1 1	4 1	2 2	1 1	2 2	4 4	3 3	1 3	2 4	2 2	4 4	4 4	4 4	4 3	1 1	2 2	3 3	4 4	3 3	4 4	4 1	4 4	1 1	2 2	1 1	4 4	3 2	3 3
PC_CHN_CS_2017_127D	 	2 2	2 2	2 2	4 3	4 4	3 3	2 2	1 1	0 0	2 4	3 3	1 1	0 0	1 1	0 0	1 1	0 0	3 3	1 1	1 2	3 3	0 0	3 3	1 1	0 0	2 2	2 2	3 3	2 3	0 0	0 0	0 0	4 4	3 3	3 3	2 2	0 0	2 2	4 4	4 4	1 1	2 2	0 0	2 2	2 2	2 4	0 0	1 1	2 2	4 4	2 2	1 1	3 3	4 4	1 1	0 0	0 0	4 4	2 2	1 1	2 2	4 2	3 2	1 1	2 2	2 2	4 3	4 4	4 4	4 4	1 1	2 2	3 3	4 3	3 3	4 2	0 0	4 4	1 1	2 1	1 3	4 1	3 2	3 3
PC_CHN_CS_2017_139B	 	2 2	2 2	2 2	4 4	4 2	3 2	2 2	1 1	2 2	2 4	3 4	1 1	4 4	1 1	3 3	1 1	2 2	3 3	1 2	1 1	3 1	4 4	3 3	1 2	2 2	2 2	2 2	3 4	2 2	3 3	1 3	3 3	4 4	3 3	3 1	2 2	0 0	2 2	4 4	4 3	0 0	2 4	3 3	0 0	2 2	2 2	3 3	1 1	2 2	4 4	2 2	1 1	3 3	4 4	1 3	2 2	1 1	4 4	2 4	1 1	2 2	4 4	3 3	1 1	2 2	2 2	4 4	4 2	4 1	4 4	1 1	2 2	3 3	4 4	3 3	4 4	4 4	4 4	1 1	2 2	1 1	4 1	3 3	3 3
PC_CHN_CS_2017_162A	 	2 2	2 2	2 4	4 4	4 4	3 3	2 2	1 1	2 2	2 4	3 3	1 1	4 2	1 4	3 3	1 1	2 2	3 3	1 2	1 2	3 1	4 4	3 3	1 1	0 0	2 2	2 2	3 3	2 2	3 3	1 1	0 0	4 3	3 3	0 0	2 2	2 2	4 4	4 4	4 3	1 1	2 2	3 3	2 2	0 0	0 0	3 3	1 1	2 2	4 4	2 2	1 1	3 3	4 4	1 1	2 4	1 1	4 4	2 2	1 1	2 2	4 4	3 2	1 1	2 2	2 2	4 4	0 0	4 1	4 3	1 1	2 1	3 3	4 4	3 1	4 4	4 4	4 4	1 1	2 1	1 3	4 4	3 3	3 3
PC_CHN_CS_2017_173A	 	2 4	2 2	2 4	4 4	4 4	0 0	2 2	0 0	0 0	2 2	3 3	1 1	4 4	1 4	3 4	1 1	2 4	3 3	1 1	1 2	3 3	4 2	3 3	1 2	2 4	2 2	2 2	3 4	2 2	3 3	0 0	3 3	4 3	3 3	3 3	2 4	2 2	2 2	4 4	4 4	1 3	2 2	3 2	2 4	2 2	2 2	3 3	1 1	2 2	4 4	2 2	1 1	3 3	4 4	1 1	2 4	1 1	4 4	2 2	1 1	2 1	4 2	3 3	1 1	2 4	2 2	4 4	4 4	4 4	4 4	1 1	2 2	3 3	4 4	3 3	4 2	4 1	4 4	1 4	2 1	1 1	4 4	3 3	3 3
PC_CHN_CS_2017_130C	 	2 2	2 2	2 4	4 4	4 4	3 3	2 1	1 4	2 2	2 2	3 3	1 1	4 2	1 1	3 3	1 3	2 2	3 3	1 1	1 1	3 3	4 4	3 3	1 1	2 2	2 2	2 2	3 3	2 2	3 3	1 1	3 3	4 4	3 1	3 1	2 4	2 2	2 2	4 4	4 4	1 1	2 2	3 3	2 2	2 2	0 0	3 1	1 4	2 2	4 4	2 4	1 1	3 1	4 2	1 3	2 4	1 1	4 4	2 2	1 1	2 2	4 2	3 2	1 3	2 2	2 4	4 4	4 4	4 4	4 4	1 2	2 2	0 0	4 4	3 3	4 2	4 4	4 4	1 1	2 2	1 1	4 1	3 3	3 3
PC_CHN_CS_2017_138C	 	2 2	2 2	2 2	4 4	4 4	3 3	2 2	1 4	0 0	4 4	3 3	1 1	0 0	1 1	0 0	1 1	2 2	3 3	1 1	1 1	3 3	4 2	3 3	1 2	2 2	2 1	2 2	3 3	0 0	3 3	1 1	3 3	4 4	3 3	0 0	2 2	2 2	2 2	4 4	4 4	1 1	2 2	0 0	2 2	0 0	2 2	0 0	1 1	2 3	4 3	2 2	1 1	3 3	4 4	1 1	2 2	0 0	0 0	2 2	1 1	2 1	4 4	0 0	1 1	2 2	2 2	4 4	0 0	4 1	4 4	1 1	2 2	0 0	0 0	3 3	4 4	4 4	4 4	1 1	2 2	1 1	4 4	3 3	3 3
PC_CHN_CS_2017_197A	 	2 2	2 2	2 2	4 4	4 4	3 3	2 2	1 1	2 2	2 2	3 3	0 0	4 2	1 1	3 4	1 1	2 2	3 3	0 0	1 1	0 0	4 4	3 3	1 1	2 2	2 2	2 2	3 3	2 2	3 3	1 1	3 3	4 4	3 3	3 3	2 2	0 0	0 0	4 4	0 0	1 3	2 2	3 3	2 2	2 2	2 2	3 3	1 1	2 2	4 3	2 2	1 1	3 3	4 4	1 1	0 0	1 1	4 4	2 2	1 1	2 2	4 4	3 2	1 1	2 2	2 2	4 4	4 2	4 4	0 0	2 2	2 2	3 3	4 4	3 3	4 4	4 4	4 4	0 0	2 2	1 1	4 4	3 3	3 3
PC_CHN_CS_2017_132D	 	0 0	2 2	2 2	4 4	0 0	3 3	2 2	1 4	2 2	2 2	3 3	0 0	0 0	0 0	0 0	1 1	0 0	3 3	1 1	1 2	3 3	0 0	3 3	0 0	0 0	2 2	0 0	3 3	0 0	0 0	1 1	3 3	0 0	3 3	3 3	0 0	0 0	2 2	4 4	4 4	1 3	2 2	3 3	2 4	2 2	2 2	3 3	1 1	0 0	4 4	2 2	1 4	3 3	4 4	1 1	2 2	1 1	0 0	2 2	1 1	0 0	0 0	0 0	0 0	2 2	2 2	4 4	4 4	1 1	4 4	1 1	2 2	3 3	4 4	0 0	0 0	0 0	4 4	1 4	2 1	0 0	4 4	3 3	3 3
PC_CHN_CS_2017_151B	 	0 0	2 2	2 2	4 4	4 4	3 3	2 2	1 4	2 2	2 2	3 3	1 1	4 4	1 1	0 0	1 3	2 2	3 3	1 1	1 1	3 3	4 4	3 3	1 1	0 0	2 2	2 2	3 3	2 2	0 0	1 1	3 3	4 4	0 0	0 0	2 4	0 0	2 2	4 4	4 4	1 1	2 2	0 0	2 2	2 2	2 2	0 0	1 4	2 2	4 4	2 2	1 1	3 1	4 4	0 0	0 0	0 0	4 4	2 2	1 1	0 0	0 0	3 3	1 1	2 2	2 2	4 4	4 4	0 0	0 0	1 1	2 2	0 0	4 4	0 0	0 0	0 0	4 4	1 1	2 2	1 1	4 4	3 3	3 3
PC_CHN_CS_2017_228A	 	0 0	2 2	2 4	0 0	4 4	3 3	2 2	0 0	0 0	0 0	3 3	1 1	4 4	1 1	3 3	1 1	2 2	0 0	0 0	0 0	0 0	4 4	3 3	1 2	2 2	0 0	2 2	3 3	0 0	0 0	0 0	0 0	4 4	0 0	0 0	2 2	2 2	2 2	4 1	0 0	0 0	2 2	0 0	0 0	2 4	2 2	0 0	1 1	0 0	4 4	2 2	0 0	0 0	4 4	1 1	0 0	0 0	4 4	2 2	1 1	2 2	4 4	3 3	1 1	2 2	2 2	0 0	4 2	4 1	0 0	1 1	2 2	3 3	4 4	3 1	4 4	4 4	4 4	1 1	0 0	0 0	4 4	3 3	3 3
PC_CHN_CS_2017_233A	 	2 2	2 2	2 2	4 4	4 2	3 3	2 2	1 4	0 0	2 2	3 3	1 1	4 4	1 1	3 3	0 0	2 4	0 0	1 1	1 1	3 3	4 4	3 3	1 1	2 2	2 1	2 2	3 4	0 0	3 3	1 1	3 3	4 4	0 0	3 3	0 0	2 2	2 2	4 1	4 4	1 3	2 4	0 0	2 2	2 2	2 2	0 0	0 0	2 2	4 3	2 2	1 1	0 0	4 4	1 1	2 2	0 0	0 0	2 4	1 3	2 2	4 4	3 3	1 1	2 2	2 2	4 4	0 0	4 4	4 4	1 1	2 2	3 3	4 4	0 0	4 4	4 4	4 4	1 1	2 2	1 1	4 4	3 3	3 3
PC_CHN_CS_2017_235A	 	0 0	0 0	2 2	4 4	4 4	3 3	2 2	1 1	0 0	2 2	0 0	0 0	0 0	0 0	3 3	0 0	0 0	0 0	0 0	1 1	0 0	4 4	0 0	0 0	0 0	2 2	2 2	0 0	2 2	3 3	0 0	3 3	0 0	0 0	0 0	0 0	0 0	0 0	4 4	0 0	1 1	0 0	0 0	2 2	2 2	0 0	0 0	0 0	2 2	4 3	2 2	0 0	0 0	4 4	1 1	0 0	0 0	4 4	0 0	0 0	2 2	0 0	0 0	0 0	0 0	2 2	4 4	0 0	0 0	0 0	0 0	2 2	0 0	0 0	0 0	0 0	4 4	4 4	1 4	2 2	1 1	4 4	3 2	3 3
PC_CHN_CS_2017_156C	 	0 0	0 0	2 2	0 0	4 4	3 2	2 2	0 0	0 0	2 2	3 3	1 3	0 0	1 1	3 3	1 1	0 0	0 0	0 0	0 0	0 0	4 4	3 3	0 0	0 0	2 2	2 2	3 3	0 0	3 3	1 1	3 3	4 4	0 0	3 3	0 0	0 0	0 0	0 0	0 0	0 0	0 0	0 0	0 0	2 2	0 0	0 0	1 1	0 0	4 4	2 2	0 0	0 0	4 4	1 1	0 0	0 0	4 4	2 2	0 0	2 2	0 0	0 0	0 0	2 2	2 2	0 0	0 0	0 0	0 0	0 0	2 2	3 3	0 0	3 3	0 0	4 4	4 4	1 1	0 0	0 0	4 4	3 3	3 3
PC_CHN_CS_2017_250A	 	2 4	2 2	2 2	4 4	4 4	3 3	2 2	1 1	2 1	2 2	3 3	1 1	4 4	0 0	0 0	1 1	2 2	3 3	1 1	1 1	3 3	4 2	3 3	1 1	2 2	2 2	2 2	3 3	2 2	0 0	1 3	3 3	0 0	3 3	3 3	2 4	2 2	2 2	4 4	4 4	1 1	2 2	3 3	0 0	2 2	2 2	3 3	1 1	2 2	4 4	2 2	1 1	3 3	4 4	1 1	2 4	1 1	4 1	2 2	0 0	2 2	4 4	3 3	1 1	0 0	2 2	4 4	4 4	4 4	4 4	1 1	2 2	3 3	4 4	3 3	4 4	0 0	4 4	1 4	2 2	1 1	4 4	3 3	3 3
PC_CHN_CS_2017_211A	 	2 2	2 2	2 2	4 4	4 4	3 3	2 2	1 4	0 0	0 0	3 3	0 0	4 4	1 4	3 3	0 0	2 2	3 3	0 0	0 0	0 0	4 4	3 3	1 1	0 0	2 2	2 2	3 3	0 0	3 4	1 1	3 3	4 3	0 0	3 3	2 2	2 2	0 0	4 4	0 0	1 1	2 2	3 3	2 2	2 2	2 2	3 3	0 0	2 2	4 4	2 2	1 4	0 0	4 4	1 1	0 0	1 1	4 4	2 2	1 1	2 2	4 4	3 3	1 1	2 2	2 2	4 4	0 0	4 4	4 4	1 1	2 2	0 0	4 4	3 3	4 4	4 4	4 4	1 4	0 0	0 0	4 4	3 3	3 3
PC_CHN_CS_2017_142A	 	2 2	2 2	2 2	0 0	4 4	3 3	2 2	0 0	0 0	0 0	3 4	1 1	0 0	0 0	0 0	1 1	0 0	3 3	1 1	1 1	3 3	4 4	3 1	1 1	0 0	2 2	2 2	3 3	0 0	0 0	0 0	3 3	0 0	3 3	0 0	0 0	0 0	2 2	0 0	4 4	1 1	2 2	0 0	2 2	2 2	2 2	0 0	1 1	2 3	4 4	2 2	0 0	3 3	4 4	1 1	2 4	0 0	4 4	2 2	0 0	2 2	4 4	0 0	1 3	2 2	2 2	0 0	4 4	4 4	0 0	1 1	0 0	0 0	4 4	3 3	4 4	0 0	4 4	1 1	2 2	1 1	0 0	0 0	3 4
PC_CHN_CS_2017_153A	 	2 2	2 2	2 2	4 4	0 0	3 3	2 2	1 1	0 0	2 4	3 3	1 1	4 4	1 1	0 0	1 1	2 2	3 3	0 0	1 2	0 0	0 0	3 3	0 0	2 4	2 2	2 2	0 0	2 2	0 0	1 1	3 3	4 4	3 3	0 0	2 2	0 0	2 2	4 4	0 0	1 1	2 2	3 3	2 2	2 2	2 2	3 3	1 1	2 2	4 4	2 2	1 1	3 3	4 4	1 1	2 2	1 1	4 4	2 4	0 0	2 2	0 0	3 3	1 1	2 2	2 2	4 4	0 0	4 4	4 4	1 1	2 2	3 1	4 4	0 0	0 0	0 0	4 4	1 1	2 1	1 3	4 4	3 2	3 3
PC_CHN_RST_2018_240	 	2 4	2 1	2 2	4 3	4 2	0 0	2 2	1 1	0 0	2 4	3 3	1 3	0 0	1 1	0 0	1 3	0 0	3 3	1 1	1 2	3 3	4 2	3 3	1 2	2 2	2 1	2 1	3 3	2 2	0 0	1 1	0 0	4 4	0 0	3 1	2 2	2 2	2 2	4 4	4 4	1 1	2 2	3 3	2 2	0 0	2 2	3 3	1 4	2 3	4 4	2 4	1 4	3 1	4 4	1 1	2 2	1 1	4 4	2 2	1 1	2 2	0 0	0 0	1 1	2 2	2 2	4 3	4 4	4 4	4 4	1 1	2 2	3 3	0 0	3 3	4 4	0 0	4 4	1 1	2 1	1 3	4 1	3 2	3 4
PC_CHN_RST_2018_294	 	2 2	0 0	2 2	4 4	4 4	3 2	2 1	1 1	2 2	2 2	3 4	1 1	4 4	1 1	3 3	1 3	2 2	3 3	1 1	1 2	3 3	4 4	3 3	1 1	2 2	2 2	2 2	3 4	2 2	3 3	1 1	3 3	4 4	3 1	3 3	2 2	2 2	2 2	4 1	4 4	1 1	2 2	0 0	2 2	2 2	2 2	3 1	1 4	2 2	4 4	2 4	1 1	3 1	4 2	1 1	2 2	1 1	4 4	2 4	1 1	0 0	4 4	3 3	1 3	2 2	2 4	4 4	4 4	0 0	4 4	0 0	2 1	3 3	4 4	3 3	4 4	4 4	4 4	1 1	2 1	1 1	4 4	3 3	3 3
PC_CHN_RST_2018_167	 	2 2	2 2	2 2	4 4	4 4	3 3	0 0	1 4	2 2	2 2	3 3	1 3	4 2	1 1	3 3	1 3	2 2	3 3	0 0	1 2	0 0	4 4	3 3	1 2	2 2	2 2	2 1	3 4	2 2	3 3	0 0	3 1	4 4	3 1	3 3	0 0	2 2	2 2	4 1	0 0	1 1	2 2	3 3	2 2	2 4	2 2	3 3	1 4	2 3	4 4	2 4	1 1	3 1	0 0	1 3	2 4	1 4	4 4	2 2	0 0	2 1	4 4	3 2	1 3	2 2	0 0	4 4	4 2	4 4	4 4	0 0	2 2	3 3	4 4	3 3	4 4	4 4	4 4	1 1	2 1	1 3	4 4	3 3	3 3
PC_CHN_RST_2018_194	 	2 2	2 2	2 2	4 4	4 2	3 2	2 1	1 4	2 2	2 2	3 3	1 1	4 4	1 1	3 3	1 3	2 4	3 3	1 1	1 2	3 3	4 2	3 3	1 1	2 2	2 1	2 2	3 4	2 2	0 0	1 1	3 1	4 4	3 1	3 1	2 2	2 4	2 2	0 0	4 4	0 0	2 4	3 3	0 0	2 2	2 2	3 3	0 0	2 2	4 4	2 4	1 4	3 1	4 2	1 3	0 0	1 1	4 4	2 2	1 1	2 2	4 2	3 3	1 1	2 2	2 4	4 4	4 4	4 4	4 3	1 1	2 2	3 1	4 4	3 3	4 2	4 1	4 4	1 1	2 1	1 1	4 4	3 3	3 3
PC_CHN_CS_2017_177A	 	2 4	2 2	2 2	4 4	4 4	3 3	2 2	1 1	2 1	0 0	3 4	1 1	4 4	1 1	3 3	1 1	2 4	3 3	1 1	1 2	3 3	4 2	3 1	1 1	2 2	2 1	2 1	3 3	2 3	3 3	1 1	3 3	4 4	0 0	3 1	2 2	2 4	2 2	4 4	4 4	1 1	2 2	3 2	2 2	2 2	2 4	3 3	1 1	2 3	4 3	2 2	1 1	3 3	4 4	1 1	2 2	1 1	4 1	2 2	0 0	2 1	4 2	3 3	1 1	2 2	2 2	4 4	4 4	4 1	4 3	1 1	2 2	0 0	4 4	0 0	4 2	4 1	4 4	1 4	2 1	1 3	4 4	3 3	3 3
PC_CHN_RST_2018_250	 	2 2	2 2	2 4	4 4	4 4	3 2	2 2	1 1	2 2	2 2	3 3	1 1	4 4	1 4	0 0	1 1	0 0	3 3	1 1	1 1	3 3	4 4	3 3	1 1	2 2	0 0	2 2	3 3	2 2	3 3	1 3	3 3	4 3	3 3	3 3	2 2	2 4	2 2	4 4	4 4	1 1	2 2	3 3	2 2	0 0	2 2	3 3	1 1	2 2	4 4	2 2	1 4	3 3	4 4	1 1	2 4	1 1	4 1	2 2	1 1	2 2	4 4	3 3	1 1	2 2	2 2	4 4	4 4	4 4	4 4	1 1	2 2	3 3	4 4	3 1	4 4	4 1	4 2	1 1	2 2	1 1	4 4	3 3	3 3
PC_CHN_RST_2018_259	 	2 2	2 2	2 4	4 4	4 2	3 3	2 2	1 1	2 2	2 2	3 4	1 3	4 4	1 4	3 3	1 1	2 2	3 1	1 1	1 1	3 3	4 2	0 0	1 1	2 2	2 1	2 1	3 3	2 2	3 3	1 1	3 1	4 3	3 3	3 1	2 2	2 2	2 2	4 4	4 4	1 1	0 0	3 3	2 2	2 2	2 2	3 3	1 1	2 2	4 3	2 2	0 0	3 3	4 4	1 1	2 4	1 4	4 4	2 2	1 1	2 2	4 2	3 3	1 3	2 2	2 2	4 4	4 4	4 1	4 4	1 1	2 2	3 3	4 3	3 3	4 2	4 4	4 4	1 1	0 0	1 1	4 1	3 3	3 4
PC_CHN_RST_2018_286	 	2 4	0 0	2 4	4 4	4 4	3 3	2 2	1 4	2 1	2 4	3 3	1 1	4 4	1 1	3 4	1 1	2 2	3 3	1 1	1 2	3 3	4 2	3 3	1 2	2 2	2 1	2 1	3 3	0 0	3 3	1 1	3 1	4 4	3 3	3 1	0 0	2 2	2 4	4 4	4 4	1 1	2 2	3 3	2 2	2 2	0 0	3 3	1 1	2 2	4 3	2 2	1 4	3 3	4 4	1 1	2 4	1 1	4 4	2 2	0 0	2 1	4 4	3 3	1 1	2 2	2 2	4 4	4 4	0 0	4 3	0 0	2 2	3 3	4 4	3 3	4 4	4 4	4 4	1 4	2 1	0 0	4 4	3 3	3 4
PC_CHN_RST_2018_304	 	2 2	2 2	2 2	4 4	4 4	3 2	2 2	1 1	0 0	2 4	3 3	1 1	4 4	1 4	3 4	1 1	2 2	3 3	1 1	1 1	3 3	4 2	3 3	1 2	2 2	2 1	2 1	0 0	2 2	3 4	1 1	3 3	4 3	3 3	3 1	2 2	2 4	0 0	4 4	4 4	1 3	2 2	3 2	2 4	2 2	2 2	3 3	1 1	2 2	4 4	2 2	1 1	3 3	4 4	1 1	2 4	1 4	4 4	2 2	1 1	2 1	4 4	3 3	1 1	2 2	2 2	4 4	4 4	4 4	4 3	1 1	2 2	3 3	4 4	3 3	4 4	4 4	0 0	1 1	2 2	1 1	4 1	3 2	3 3
PC_CHN_RST_2018_323	 	2 2	0 0	2 2	4 4	4 4	3 3	2 2	0 0	2 2	2 2	3 4	1 1	4 2	1 1	3 3	1 1	2 4	3 1	1 1	1 2	3 3	4 4	3 3	1 1	2 4	2 2	2 2	3 3	2 2	3 3	1 1	3 3	4 4	3 3	3 3	0 0	2 2	0 0	4 1	4 4	1 1	2 2	3 3	2 2	2 2	0 0	3 3	1 1	0 0	4 4	2 2	1 4	3 3	4 4	1 1	2 2	1 1	4 4	2 2	0 0	2 1	4 4	3 2	1 1	2 2	2 2	4 4	0 0	0 0	4 4	0 0	2 1	3 3	4 4	3 3	4 4	4 4	4 4	1 4	2 1	1 3	4 4	3 3	3 4
PC_CHN_RST_2018_326	 	2 4	2 2	2 4	4 4	4 4	0 0	2 2	1 4	2 2	2 2	0 0	1 1	4 2	1 1	3 3	1 1	2 2	3 3	1 1	1 2	3 3	4 4	3 3	1 2	2 2	2 1	2 2	3 3	2 2	3 3	1 3	3 3	4 4	3 3	3 1	2 2	2 4	2 2	4 4	4 4	1 1	2 2	3 3	2 2	0 0	2 2	3 3	1 1	2 2	4 3	2 2	1 4	3 3	4 4	0 0	2 2	1 1	4 1	2 2	0 0	2 1	4 2	3 2	1 1	2 2	2 2	4 4	4 4	4 4	4 4	1 1	2 2	0 0	4 4	3 3	4 2	4 4	4 4	1 1	2 1	1 3	4 4	3 3	3 3
PC_CHN_RST_2018_350	 	2 2	2 2	2 2	4 4	4 4	3 3	2 1	1 1	2 2	2 2	3 3	1 1	4 2	1 4	3 3	1 3	2 2	3 3	1 1	2 2	3 3	4 4	3 3	1 2	2 2	2 2	2 2	3 3	2 3	3 3	1 1	3 3	4 3	3 1	3 3	2 2	0 0	0 0	4 4	4 4	1 1	2 2	0 0	2 2	2 4	2 2	3 3	1 4	2 3	4 4	2 4	1 1	3 1	4 2	1 1	2 2	1 1	0 0	2 2	1 1	2 2	4 4	3 2	1 1	2 2	2 4	4 4	4 4	4 4	4 4	1 2	2 2	0 0	4 4	3 3	4 4	4 4	4 4	1 1	1 1	0 0	4 1	3 2	3 3
PC_CHN_RST_2018_359	 	2 2	2 2	2 4	4 4	4 4	3 3	2 2	1 1	2 2	0 0	3 3	1 1	4 4	1 4	3 4	0 0	2 2	3 3	1 2	1 1	3 1	4 4	3 3	1 1	2 2	2 1	2 2	3 3	2 2	3 4	1 1	3 1	4 3	3 1	3 3	2 2	2 4	2 2	4 4	4 3	1 1	2 2	3 3	2 2	2 2	2 2	3 1	0 0	2 3	4 3	0 0	1 1	3 1	4 4	1 1	2 4	1 1	4 4	2 2	1 1	2 2	4 4	3 3	1 1	2 2	2 2	4 4	0 0	4 4	4 4	1 1	2 2	3 3	4 4	3 3	4 4	4 4	4 2	1 1	2 2	1 1	4 4	3 3	3 3
PC_CHN_CS_2017_129D	 	2 4	0 0	2 2	4 4	4 4	3 3	2 2	1 1	2 2	2 2	3 3	1 1	0 0	1 1	3 3	0 0	0 0	3 3	1 1	1 2	3 3	4 4	3 3	1 2	2 2	2 1	2 2	3 3	2 2	3 3	1 1	3 3	4 4	0 0	3 3	2 2	2 2	2 2	4 4	4 4	1 1	2 2	3 3	2 2	0 0	0 0	3 3	0 0	2 2	4 3	2 2	1 1	0 0	4 4	1 3	2 2	1 1	4 4	2 2	0 0	2 2	4 4	3 3	1 1	2 4	2 2	4 4	4 4	4 4	4 4	0 0	2 2	3 3	4 4	0 0	4 4	0 0	4 4	1 1	2 1	1 1	4 4	0 0	3 4
PC_CHN_CS_2017_131D	 	2 2	2 2	2 2	4 4	4 4	3 3	2 2	1 1	2 1	2 2	3 3	1 1	4 4	1 1	3 3	1 1	2 2	3 1	1 1	1 2	3 3	4 4	3 3	1 1	2 4	2 2	2 2	0 0	2 3	3 3	0 0	3 1	4 4	3 3	0 0	0 0	2 2	0 0	4 4	4 4	1 3	2 2	3 3	2 4	2 2	2 2	3 3	1 1	2 2	4 4	2 2	1 1	3 3	4 4	1 3	0 0	1 1	4 4	2 2	1 1	2 2	4 2	3 3	1 1	2 2	2 2	4 4	4 4	4 4	0 0	1 2	2 2	3 3	4 4	3 3	4 2	0 0	4 2	1 1	2 1	1 1	4 4	3 2	3 3
PC_CHN_RST_2018_423	 	2 2	2 2	2 2	4 4	4 2	3 2	2 2	1 1	2 1	2 2	3 4	1 3	4 2	1 1	3 3	1 1	2 4	3 1	0 0	1 2	0 0	4 4	3 1	1 2	2 2	2 2	2 2	3 3	2 2	3 3	1 1	3 1	4 4	3 3	3 3	2 2	2 2	0 0	4 4	0 0	1 1	2 2	3 3	2 2	2 2	2 2	3 3	1 1	2 2	4 4	2 2	0 0	3 3	4 4	1 1	2 4	1 1	4 4	2 2	1 3	2 2	4 2	3 2	1 1	2 2	2 2	4 4	0 0	4 4	0 0	1 1	2 1	3 3	4 4	3 3	4 2	4 1	4 4	1 1	2 1	1 1	4 1	3 3	3 4
PC_CHN_RST_2018_432	 	2 2	0 0	2 2	4 4	4 4	3 3	2 2	1 1	0 0	2 2	3 3	0 0	4 4	1 1	3 3	1 1	2 2	3 3	1 1	1 1	3 3	4 2	3 3	1 1	2 2	2 2	2 1	3 4	2 2	3 4	1 1	0 0	4 4	3 3	3 3	0 0	2 4	2 2	4 4	4 4	1 3	2 4	3 3	2 4	2 4	0 0	3 3	1 1	0 0	4 4	2 2	1 4	3 3	4 4	1 1	2 2	1 1	4 4	2 4	0 0	2 2	4 4	3 3	1 1	2 2	2 2	4 4	0 0	4 4	4 4	0 0	2 2	0 0	4 4	3 3	4 4	4 4	4 4	1 1	2 2	1 1	4 4	3 3	3 3
PC_CHN_RST_2018_441	 	2 2	2 2	2 2	4 4	4 4	3 3	2 2	1 1	2 1	0 0	3 3	1 1	0 0	1 1	3 3	1 1	0 0	0 0	1 1	1 1	3 3	4 4	3 3	1 1	0 0	0 0	2 2	3 3	0 0	3 3	0 0	3 3	4 4	3 3	3 1	2 2	2 4	0 0	4 4	4 4	1 3	2 2	0 0	2 4	2 2	2 2	0 0	1 1	2 3	4 4	2 2	1 1	3 3	4 4	1 3	2 4	0 0	4 4	2 2	0 0	2 2	4 4	0 0	1 1	2 2	2 2	4 4	0 0	4 4	4 4	1 1	2 2	0 0	4 4	3 3	4 4	4 4	4 4	1 1	2 2	1 1	4 4	3 3	3 3
PC_CHN_RST_2018_450	 	2 2	0 0	2 2	4 4	4 4	3 3	2 1	1 1	0 0	2 2	3 3	1 3	4 4	0 0	3 3	0 0	2 4	3 3	0 0	1 1	3 3	4 4	3 3	1 1	0 0	2 1	2 2	3 3	0 0	3 3	0 0	3 3	0 0	3 1	3 3	2 2	0 0	2 2	0 0	4 4	0 0	2 2	3 3	2 4	2 2	0 0	3 3	0 0	2 2	4 4	2 4	1 1	0 0	4 2	1 1	0 0	1 1	4 4	2 2	1 1	2 2	0 0	3 3	1 1	0 0	2 4	4 4	0 0	0 0	4 4	0 0	0 0	0 0	4 4	3 3	0 0	4 4	4 4	1 1	2 2	1 1	4 4	0 0	3 3
PC_CHN_RST_2018_459	 	2 2	0 0	2 2	4 3	4 4	3 3	2 1	1 1	2 1	2 2	3 3	1 1	4 4	1 1	3 3	1 1	2 4	0 0	1 1	0 0	3 3	0 0	3 3	1 1	2 2	2 2	0 0	3 3	2 3	3 3	1 3	3 3	4 4	3 1	0 0	2 2	0 0	0 0	4 4	4 4	1 1	0 0	3 3	2 2	2 4	0 0	3 3	1 1	2 3	4 4	2 4	1 1	3 1	4 2	1 1	2 2	1 1	4 4	2 2	1 1	2 2	4 4	3 3	1 1	2 2	2 4	4 3	4 4	0 0	0 0	0 0	2 2	3 3	4 4	3 3	4 4	4 4	4 4	0 0	0 0	0 0	4 4	3 3	3 3
PC_CHN_RST_2018_531	 	2 2	2 2	2 2	4 4	4 4	3 3	2 2	1 1	2 1	2 2	0 0	1 3	4 4	1 1	3 3	1 1	2 2	0 0	1 1	1 1	3 3	4 4	0 0	1 1	2 2	2 1	2 2	3 3	0 0	3 3	1 1	3 3	4 4	3 3	3 3	2 4	2 2	2 2	4 4	4 4	1 1	2 2	3 3	2 2	2 2	2 2	3 3	1 1	0 0	4 3	2 2	1 1	3 3	4 4	1 1	2 2	1 1	4 4	2 2	1 1	2 2	4 4	3 3	1 1	2 2	2 2	4 4	4 4	4 4	4 4	1 1	2 2	3 3	4 4	0 0	4 4	4 4	4 4	1 1	2 2	1 1	4 4	3 3	3 3
PC_CHN_RST_2018_558	 	2 4	2 2	2 2	4 4	4 4	3 3	2 2	1 1	2 2	2 4	3 3	1 3	4 4	1 1	3 3	1 1	2 2	3 3	1 1	1 2	3 3	4 4	3 3	1 1	0 0	2 1	2 2	3 3	2 2	3 3	1 1	3 3	4 4	3 3	0 0	0 0	2 4	2 2	4 4	4 4	1 3	2 2	3 3	2 4	2 2	2 2	3 3	1 1	2 2	4 3	2 2	1 1	3 3	4 4	1 3	0 0	1 1	0 0	2 2	1 1	2 2	4 4	3 3	1 1	2 2	2 2	4 4	4 4	4 4	4 4	1 1	2 2	3 3	4 4	3 3	4 4	4 4	4 4	1 1	2 1	1 3	4 1	3 3	3 4
PC_CHN_RST_2018_576	 	0 0	0 0	2 2	0 0	0 0	3 3	2 2	1 1	2 1	2 4	3 3	1 1	4 2	1 1	3 3	1 1	2 2	3 3	1 1	1 2	3 3	4 4	3 3	0 0	2 2	2 1	2 2	3 3	2 2	3 3	1 1	3 3	4 4	0 0	0 0	2 2	0 0	0 0	4 4	4 4	1 1	0 0	3 3	2 2	2 2	0 0	3 3	1 1	2 2	4 3	2 2	1 1	3 3	4 4	1 1	0 0	1 1	4 1	2 2	1 1	0 0	0 0	3 2	0 0	2 2	2 2	4 3	4 4	0 0	4 4	0 0	2 2	3 3	4 4	0 0	0 0	4 4	4 4	0 0	2 1	1 1	4 4	3 2	3 3
PC_CHN_RST_2018_585	 	2 4	2 2	2 2	4 4	4 4	3 3	2 2	1 1	2 1	2 2	0 0	1 1	0 0	0 0	3 3	1 1	2 2	3 3	1 1	1 1	3 3	4 4	3 3	1 1	2 4	2 2	2 2	3 3	0 0	3 3	1 1	3 3	4 4	3 3	0 0	2 2	2 2	2 2	4 4	4 4	1 1	2 2	0 0	2 2	2 2	2 2	0 0	1 1	2 2	4 4	2 2	1 1	3 3	4 4	1 1	2 4	0 0	4 4	2 2	1 3	2 2	4 4	0 0	1 1	2 2	2 2	4 4	4 4	4 4	4 4	1 1	2 2	3 3	4 4	3 3	4 4	4 4	4 4	1 1	2 2	1 1	0 0	3 3	3 3
PC_CHN_CS_2017_140C	 	2 2	2 2	2 4	4 4	0 0	3 3	2 2	1 1	0 0	2 2	3 3	1 1	4 2	0 0	3 3	1 1	2 4	0 0	1 1	1 1	3 3	4 4	3 3	1 1	2 2	2 2	2 2	3 3	2 2	3 3	1 3	3 3	4 4	3 3	3 3	2 2	2 4	0 0	4 4	4 4	1 1	2 2	3 3	2 2	2 4	2 2	3 3	1 1	2 2	4 3	2 2	1 1	3 3	4 4	1 1	2 2	1 1	4 4	2 2	1 1	2 1	4 2	3 2	1 1	2 2	2 2	4 4	4 4	4 4	0 0	1 1	2 2	3 3	4 3	3 3	4 2	4 4	4 4	1 1	2 2	1 1	4 4	3 3	3 3
PC_CHN_RST_2018_612	 	2 2	2 1	2 2	4 4	0 0	3 3	2 2	1 1	2 2	2 2	3 3	1 1	4 4	0 0	3 3	0 0	0 0	3 3	1 1	0 0	3 3	4 4	3 3	1 1	2 2	2 1	2 2	3 3	0 0	3 3	1 1	3 3	0 0	0 0	3 3	2 2	2 2	2 4	4 4	4 4	1 3	2 2	0 0	2 4	2 2	2 2	0 0	0 0	2 3	4 4	2 2	1 1	0 0	4 4	1 1	2 2	0 0	4 4	2 2	1 1	2 2	4 4	3 3	1 1	0 0	2 2	4 4	4 4	4 4	4 4	1 1	2 2	3 3	4 3	3 3	4 4	4 4	4 4	1 1	0 0	1 1	4 1	3 3	3 3
PC_CHN_RST_2018_666	 	2 2	0 0	0 0	0 0	4 4	3 3	2 2	0 0	0 0	0 0	3 3	0 0	4 4	1 1	3 3	1 1	2 2	0 0	0 0	1 1	0 0	4 4	3 3	1 1	2 2	2 2	2 2	3 4	0 0	3 3	1 1	3 3	4 4	3 3	3 3	0 0	0 0	2 2	0 0	0 0	1 3	2 2	3 3	2 4	2 2	0 0	3 3	1 1	2 2	4 4	2 2	0 0	3 3	4 4	1 1	2 2	1 1	4 4	2 2	0 0	2 2	4 4	3 3	1 1	0 0	2 2	0 0	4 4	4 4	0 0	0 0	2 2	3 3	4 4	3 3	4 4	4 4	4 4	1 1	2 2	1 1	4 4	3 3	3 4
PC_CHN_CS_2017_142C	 	2 2	2 2	2 2	4 4	4 4	3 3	2 2	1 1	2 1	2 4	3 3	1 1	4 4	1 1	3 3	1 1	2 2	3 3	1 1	1 2	3 3	4 4	3 3	1 2	2 2	2 2	2 2	3 3	2 2	3 3	1 1	3 3	4 4	3 3	3 3	2 2	2 2	2 2	4 4	4 4	1 1	2 2	3 3	2 2	2 2	2 2	3 3	1 1	2 2	4 4	2 2	1 1	3 3	4 4	1 1	0 0	1 1	4 4	2 2	1 3	2 2	4 2	3 3	0 0	2 2	2 2	4 4	0 0	4 4	4 4	1 2	2 2	3 3	4 4	3 3	4 2	4 1	4 4	1 4	2 1	1 1	4 4	3 3	3 3
PC_CHN_RST_2018_729	 	2 2	2 2	2 2	4 4	4 4	3 3	2 2	1 4	2 2	0 0	3 3	1 1	0 0	1 1	3 3	1 1	2 2	3 3	1 1	0 0	3 3	4 2	3 3	1 1	2 2	2 1	2 1	3 3	0 0	3 3	1 1	3 1	4 4	3 3	3 3	0 0	0 0	0 0	4 1	4 4	1 3	0 0	0 0	2 4	2 2	0 0	0 0	1 1	2 2	4 4	2 2	1 4	3 3	4 4	1 1	2 2	0 0	4 4	2 2	1 1	2 2	4 4	0 0	1 1	2 2	2 2	4 4	4 4	4 4	4 4	1 1	2 2	0 0	4 3	3 3	4 4	4 4	4 4	1 1	0 0	0 0	4 4	3 3	3 4
PC_CHN_RST_2018_738	 	2 2	2 2	2 2	4 4	4 4	3 3	2 2	1 1	0 0	2 4	3 3	1 1	0 0	1 4	3 3	1 3	0 0	3 3	1 1	1 1	3 3	4 4	3 3	1 2	2 2	2 1	2 2	3 3	2 2	3 4	0 0	0 0	4 3	3 1	0 0	2 2	2 4	2 2	4 1	4 4	1 1	2 2	3 3	2 2	2 2	2 2	3 3	1 4	2 3	4 3	0 0	1 4	3 1	4 4	1 3	2 2	1 1	0 0	2 2	0 0	2 2	4 4	0 0	1 1	2 2	2 2	4 4	4 4	4 4	4 4	1 1	2 2	3 1	4 4	3 3	4 4	4 4	4 4	1 1	2 2	1 1	4 4	3 3	3 3
PC_CHN_RST_2018_828	 	2 2	0 0	2 2	4 4	0 0	0 0	2 2	1 1	2 2	2 4	0 0	1 1	4 4	1 1	3 4	1 1	2 2	3 3	1 1	1 1	3 3	0 0	3 3	1 1	2 2	2 1	0 0	3 3	2 2	3 3	1 1	3 3	4 4	3 3	0 0	0 0	2 2	2 2	4 4	4 4	1 1	2 2	3 3	2 2	2 2	0 0	3 3	1 1	2 2	4 3	2 2	1 4	3 3	4 4	1 3	2 2	1 1	4 4	2 4	1 1	0 0	4 4	3 3	1 1	2 2	2 2	4 4	0 0	0 0	4 4	0 0	0 0	3 3	4 4	3 3	4 4	4 4	4 4	1 4	2 2	1 1	4 4	3 3	3 3
PC_CHN_RST_2018_837	 	2 2	2 1	2 2	4 4	4 2	3 3	2 2	1 4	2 1	2 2	3 4	1 3	4 4	1 1	3 4	1 1	2 2	3 3	1 1	1 2	3 3	4 4	3 1	1 1	2 2	2 2	2 2	3 3	2 2	3 3	1 1	0 0	4 4	3 3	3 1	0 0	0 0	2 4	4 4	4 4	1 3	2 2	3 3	2 4	2 2	2 4	3 1	1 1	0 0	4 4	2 2	1 1	3 3	4 4	1 1	2 2	1 1	4 4	2 2	1 1	2 2	4 2	3 3	1 1	0 0	2 2	4 4	4 4	4 4	4 4	1 1	2 1	3 3	4 3	3 3	4 2	4 4	4 4	1 4	2 1	1 1	4 1	3 3	3 3
PC_CHN_RST_2018_882	 	2 2	0 0	2 2	0 0	4 4	3 3	2 2	0 0	2 2	2 2	3 3	1 1	4 4	1 1	3 3	1 1	2 2	3 3	1 1	1 1	3 3	4 4	3 3	1 1	2 2	2 2	2 2	3 3	2 2	3 3	1 1	3 3	4 4	3 3	0 0	2 4	2 2	2 2	4 4	4 4	0 0	2 2	0 0	2 2	2 2	0 0	0 0	1 1	2 2	4 4	2 2	0 0	3 3	4 4	1 1	2 2	0 0	4 4	0 0	1 1	2 2	4 2	3 3	1 1	0 0	2 2	0 0	4 4	4 4	0 0	0 0	2 1	0 0	4 3	3 3	4 2	4 1	4 4	1 1	2 2	1 1	4 4	3 3	3 3
PC_CHN_RST_2018_891	 	2 2	2 2	2 4	4 4	4 4	3 3	2 2	1 4	2 2	2 2	3 3	0 0	4 4	1 1	3 3	1 1	2 2	0 0	0 0	0 0	0 0	0 0	3 3	1 2	2 4	2 2	0 0	3 4	2 2	3 3	1 3	3 3	4 4	3 3	3 1	2 2	2 2	0 0	0 0	0 0	1 3	2 2	3 3	2 2	0 0	2 2	3 3	1 1	2 2	4 4	2 2	1 1	3 3	4 4	1 1	2 4	1 1	4 4	2 2	1 1	2 2	4 4	3 3	1 1	2 4	2 2	4 4	4 4	4 1	4 4	1 1	2 2	3 3	4 4	3 3	4 4	4 4	4 4	1 1	0 0	1 1	4 4	3 3	3 4
PC_CHN_RST_2018_981	 	2 4	2 2	0 0	0 0	4 2	3 3	2 2	0 0	0 0	2 4	3 3	1 1	4 4	1 1	3 3	1 1	2 2	3 3	1 1	1 2	3 3	4 2	3 3	1 1	2 2	2 1	2 2	3 4	2 2	3 3	1 1	3 3	4 4	0 0	3 3	2 2	2 2	2 2	4 4	4 4	1 1	2 2	3 3	2 2	2 2	0 0	3 3	1 1	2 2	4 3	2 2	0 0	0 0	4 4	1 1	2 2	1 1	4 4	2 2	1 1	2 1	4 2	3 3	1 1	2 2	2 2	0 0	4 2	4 4	0 0	0 0	2 2	3 3	4 3	3 3	4 2	4 4	4 4	1 1	2 1	1 1	4 4	3 2	3 3
PC_CHN_RST_2018_990	 	2 4	2 2	2 2	4 3	4 2	3 3	2 2	1 1	2 1	2 2	3 3	1 1	4 4	1 1	3 3	1 1	2 2	3 3	1 2	1 2	3 1	4 4	3 3	1 1	2 2	0 0	2 2	3 3	2 2	3 3	1 1	3 3	4 4	3 3	3 3	0 0	2 2	2 2	0 0	4 3	1 3	2 2	0 0	2 4	2 2	2 4	0 0	1 1	2 2	4 4	2 2	1 1	3 3	4 4	1 1	2 2	0 0	4 4	2 4	1 1	2 1	4 2	3 3	1 1	2 2	2 2	4 3	4 4	4 4	4 4	1 1	2 2	3 3	4 4	3 3	4 2	4 4	4 4	1 1	2 1	0 0	4 1	3 2	3 3
PC_CHN_RST_2018_1008	 	2 4	2 2	2 4	4 3	4 4	3 3	2 2	1 1	0 0	2 4	3 3	0 0	4 2	1 1	3 3	1 1	0 0	0 0	1 1	1 1	3 3	4 4	3 3	1 1	0 0	2 2	2 2	3 3	2 2	3 3	1 3	3 3	4 4	3 3	0 0	2 2	2 2	2 2	4 1	4 4	1 3	2 2	0 0	2 4	2 2	2 2	3 3	1 1	2 2	4 4	2 2	1 4	3 3	4 4	1 1	0 0	1 1	0 0	2 2	1 1	2 2	4 2	3 2	1 1	2 2	2 2	4 3	4 4	4 4	4 4	1 1	2 2	3 3	4 4	3 1	4 2	4 4	4 2	1 1	2 2	1 1	4 4	3 2	3 3
PC_CHN_RST_2018_1017	 	2 2	0 0	2 2	4 4	4 4	0 0	2 2	1 1	2 2	2 2	3 3	1 1	4 4	0 0	3 3	1 1	2 2	3 3	1 1	1 1	3 3	4 4	3 3	1 1	2 2	2 2	2 1	3 3	2 2	3 3	1 1	0 0	0 0	0 0	0 0	2 2	2 2	2 2	0 0	4 4	1 1	2 2	0 0	2 2	2 2	2 2	0 0	1 1	2 2	4 4	2 2	1 1	0 0	4 4	1 1	0 0	0 0	4 1	2 2	1 1	2 2	4 4	3 3	1 1	2 2	2 2	4 4	0 0	0 0	0 0	0 0	0 0	3 3	4 4	3 3	4 4	4 4	4 4	0 0	2 2	1 1	0 0	0 0	3 3
PC_CHN_RST_2018_1026	 	2 2	2 2	2 2	4 4	4 4	3 2	2 1	1 1	2 1	2 4	3 3	1 1	4 4	1 1	0 0	1 1	2 2	0 0	1 1	1 1	3 3	4 4	3 3	1 1	2 2	2 2	2 2	3 3	2 2	3 3	1 1	3 3	4 4	3 3	3 3	2 2	2 4	0 0	4 1	4 4	1 1	2 2	3 3	2 2	2 2	2 2	3 3	1 1	2 2	4 4	2 4	1 1	3 3	4 2	1 1	0 0	1 1	4 4	2 2	1 3	2 2	4 4	3 3	1 1	2 2	2 4	4 4	0 0	4 4	4 4	1 1	2 2	3 3	4 4	3 3	4 4	4 4	4 4	1 4	2 2	1 1	4 1	3 3	3 3
PC_CHN_RST_2018_1053	 	2 2	2 2	2 4	4 4	0 0	3 3	2 2	1 4	2 2	2 2	3 3	1 1	0 0	1 1	3 3	1 1	2 4	3 3	0 0	1 2	0 0	4 4	3 3	1 1	2 4	2 2	2 2	3 3	2 3	3 3	1 3	3 1	4 4	3 3	0 0	0 0	2 2	2 2	4 4	0 0	1 3	2 4	3 2	2 4	2 2	2 2	3 3	1 1	2 3	4 4	2 2	1 1	3 3	4 4	1 1	2 2	1 1	4 4	2 2	1 1	2 2	4 4	0 0	1 1	2 4	2 2	4 4	4 4	4 4	4 4	1 1	2 1	3 3	4 4	3 3	4 4	4 4	4 4	1 1	2 1	0 0	4 1	3 2	3 3
PC_CHN_CS_2017_239A	 	2 2	2 1	2 2	4 4	4 4	3 3	2 1	1 1	2 1	2 2	0 0	0 0	4 2	1 1	3 3	0 0	2 2	3 3	1 2	1 2	3 1	4 4	3 1	1 1	0 0	2 2	2 2	3 3	2 2	3 3	1 1	0 0	4 4	0 0	3 3	2 2	2 4	0 0	4 4	4 3	1 1	2 2	3 3	2 2	2 2	2 2	3 3	0 0	2 2	4 4	2 4	1 1	0 0	4 2	0 0	2 2	1 1	4 1	2 2	0 0	1 1	4 4	3 2	1 1	0 0	2 4	4 4	0 0	4 4	4 4	1 1	0 0	3 3	4 4	3 3	4 4	4 4	4 4	1 4	2 1	1 1	4 1	3 3	3 3
PC_CHN_RST_2018_1110	 	2 2	2 2	2 2	4 4	4 4	3 3	2 2	1 4	2 1	2 4	3 3	1 1	4 4	1 4	3 3	1 1	2 2	3 3	1 1	1 1	3 3	4 4	3 3	1 2	2 2	2 2	2 2	3 3	2 2	3 3	1 1	3 3	4 3	3 3	3 3	2 2	2 2	2 2	4 1	4 4	1 3	2 2	0 0	2 2	2 2	2 2	0 0	1 1	2 2	4 3	2 2	1 1	3 3	4 4	1 1	0 0	0 0	4 4	0 0	1 1	2 2	4 4	3 3	1 1	2 2	2 2	4 4	0 0	4 4	4 3	1 1	2 2	3 3	4 4	3 3	4 4	4 4	4 4	1 1	2 2	1 1	4 4	3 3	3 3
PC_CHN_RST_2018_1174	 	2 2	2 2	2 2	4 4	0 0	3 3	2 2	1 4	2 2	2 4	0 0	0 0	4 4	1 1	0 0	1 1	2 2	3 3	1 1	1 2	3 3	0 0	3 3	1 2	2 2	2 2	0 0	3 3	2 3	0 0	1 1	3 3	4 4	3 3	3 3	2 2	2 2	2 2	4 1	4 4	1 1	2 2	3 3	2 2	2 2	2 2	3 3	1 1	2 2	4 4	2 2	1 1	3 3	4 4	1 1	0 0	0 0	4 4	2 2	1 1	0 0	4 4	3 3	1 1	2 2	2 2	4 4	4 4	4 4	4 4	1 1	2 2	3 3	4 4	3 3	4 4	0 0	4 4	1 1	2 1	1 1	4 1	3 3	3 3
PC_CHN_RST_2018_1201	 	2 2	2 2	2 2	4 4	4 4	3 2	2 1	1 1	2 2	2 2	3 3	1 1	4 4	0 0	3 3	1 1	2 2	3 1	0 0	1 2	0 0	4 4	3 3	1 1	0 0	2 2	2 2	3 3	2 2	3 3	1 1	0 0	4 4	3 3	3 1	0 0	2 4	0 0	4 4	0 0	1 1	2 2	3 3	2 2	2 2	2 2	3 3	1 1	2 2	4 4	2 4	1 4	3 3	4 2	1 1	4 4	1 1	4 4	2 2	1 1	2 2	4 4	3 3	1 1	2 2	2 4	4 4	4 4	4 4	4 4	1 1	2 1	3 3	4 4	3 3	4 4	4 4	4 4	1 1	2 1	1 3	4 1	3 3	3 3
PC_CHN_CS_2017_158C	 	2 2	0 0	2 2	4 4	4 4	3 2	2 1	1 1	0 0	2 4	3 4	1 1	4 4	1 4	3 3	1 1	2 2	3 3	1 1	1 2	3 3	4 4	3 1	1 1	2 2	2 1	2 2	3 3	2 2	3 3	1 3	3 3	4 3	3 3	3 3	2 2	2 2	2 2	4 4	4 4	1 3	2 4	3 3	2 2	2 2	0 0	3 3	0 0	2 3	4 3	2 4	1 1	3 3	4 2	1 1	2 2	1 1	4 4	2 2	1 1	2 2	4 4	3 3	1 1	2 2	2 4	4 4	0 0	0 0	0 0	0 0	2 2	3 3	4 3	3 1	4 4	4 4	4 2	1 1	2 1	0 0	4 1	3 3	3 3
PC_CHN_RST_2018_1237	 	2 2	2 2	2 2	4 4	4 4	3 3	2 2	1 1	2 2	2 2	3 3	1 1	4 4	1 1	0 0	1 1	0 0	0 0	0 0	1 1	3 3	4 4	3 3	1 1	2 2	2 1	2 2	3 3	2 2	0 0	1 3	0 0	4 4	0 0	0 0	0 0	2 2	2 2	4 1	4 4	1 1	2 4	3 3	2 2	2 2	2 2	3 3	1 1	2 2	4 3	2 2	0 0	0 0	4 4	1 1	2 2	1 1	0 0	2 2	1 1	0 0	4 4	3 3	1 1	0 0	2 2	4 4	4 4	0 0	0 0	1 2	0 0	3 3	4 4	3 1	4 4	0 0	4 4	1 1	2 2	1 1	4 4	3 3	3 3
PC_CHN_RST_2018_1282	 	2 2	2 2	2 2	4 4	0 0	3 3	2 2	1 1	2 2	2 2	3 3	0 0	4 4	1 1	3 3	1 1	2 2	3 3	1 2	1 2	3 1	0 0	3 3	1 1	2 2	2 2	0 0	3 3	2 2	3 3	1 1	0 0	4 4	3 3	3 3	2 4	2 2	0 0	4 4	4 3	1 1	2 2	0 0	2 2	2 2	2 2	0 0	1 1	2 2	4 4	2 2	0 0	3 3	4 4	1 3	2 4	0 0	4 4	2 2	0 0	0 0	4 4	3 3	1 1	2 2	2 2	4 4	0 0	4 4	0 0	1 1	2 2	3 3	4 4	3 3	4 4	4 4	4 4	1 1	2 1	1 1	4 4	3 3	3 4
PC_CHN_RST_2018_1291	 	2 2	0 0	2 2	4 4	4 4	0 0	2 2	1 1	2 2	2 2	3 4	1 3	0 0	1 1	3 3	1 1	0 0	3 3	0 0	1 1	0 0	4 4	3 1	1 1	0 0	2 1	2 2	3 3	2 2	3 3	0 0	3 3	4 4	3 3	3 3	2 2	0 0	2 2	4 4	0 0	1 3	2 2	3 3	2 2	2 2	0 0	3 3	1 1	2 3	0 0	2 2	1 1	3 3	4 4	1 1	0 0	1 1	0 0	2 2	1 1	2 2	4 4	0 0	1 1	2 2	2 2	4 4	0 0	4 4	4 3	0 0	2 2	0 0	4 4	3 3	4 4	4 4	4 4	0 0	2 2	1 1	4 4	3 3	3 3
PC_CHN_RST_2018_1300	 	2 4	2 2	2 2	4 3	4 4	3 3	2 2	1 1	2 2	2 2	3 3	0 0	4 2	1 1	0 0	1 1	2 2	3 3	1 2	1 1	3 1	4 4	3 3	1 1	2 2	2 2	2 2	3 3	2 2	0 0	1 1	3 1	4 4	3 3	3 3	2 2	2 2	2 2	4 4	4 3	1 1	2 2	3 2	2 2	2 2	2 2	3 3	0 0	2 3	4 4	2 2	1 1	3 3	4 4	1 1	2 2	1 1	0 0	2 4	1 3	2 2	4 2	3 2	1 1	2 2	2 2	4 3	4 4	4 1	4 4	1 2	2 2	3 1	4 4	3 3	4 2	0 0	4 4	1 1	2 2	1 1	4 4	3 3	3 3
PC_CHN_RST_2018_1309	 	2 2	2 2	2 2	4 3	4 4	3 3	2 2	1 1	2 2	2 4	3 3	1 1	4 4	1 1	3 3	1 1	2 2	3 3	1 1	1 1	3 3	4 4	3 3	1 1	2 2	2 2	2 2	3 3	2 3	3 3	1 1	3 3	4 4	3 3	3 3	0 0	2 2	2 4	4 4	4 4	1 3	2 4	3 3	2 2	2 4	0 0	3 3	1 1	2 2	4 4	2 2	1 4	3 3	4 4	1 1	2 2	1 1	0 0	0 0	0 0	2 2	4 4	3 3	0 0	2 2	2 2	4 3	4 4	4 4	4 4	1 1	2 2	0 0	4 4	0 0	4 4	4 4	4 4	1 1	2 2	1 1	4 1	3 3	3 3
PC_CHN_RST_2018_1445	 	2 2	2 2	2 2	4 3	4 4	3 3	2 2	1 1	2 1	2 2	3 4	1 3	4 2	1 1	0 0	1 1	2 4	3 3	1 1	1 2	3 3	4 4	3 3	1 1	2 2	2 1	2 2	3 3	2 2	3 3	1 1	3 1	4 4	3 1	3 1	0 0	2 4	2 2	4 4	4 4	1 1	2 2	3 3	2 2	2 2	2 2	3 3	1 1	2 2	4 3	2 2	1 1	3 3	4 4	1 1	2 2	1 1	4 4	2 2	1 3	2 1	4 2	3 2	1 1	2 2	2 2	4 3	4 4	4 4	4 4	1 1	2 2	3 3	0 0	3 3	4 2	4 4	4 2	1 4	2 1	1 1	4 1	3 3	3 3
PC_CHN_RST_2018_1454	 	0 0	2 2	2 2	4 4	4 4	3 3	2 2	1 1	0 0	2 2	3 3	1 3	4 4	1 4	3 3	1 1	2 2	3 3	0 0	0 0	0 0	4 4	3 3	1 1	2 2	2 1	2 2	3 4	0 0	3 3	1 1	0 0	4 3	3 3	3 3	2 2	0 0	0 0	0 0	0 0	1 1	2 2	0 0	2 2	2 2	2 4	0 0	1 1	2 2	4 3	2 2	1 1	3 3	4 4	1 1	2 2	0 0	4 4	2 4	1 1	2 1	0 0	3 3	0 0	2 4	2 2	4 4	0 0	4 4	4 4	1 1	2 2	0 0	4 4	3 3	0 0	4 1	4 4	0 0	0 0	1 1	4 4	3 3	3 3
PC_CHN_CS_2017_204A	 	2 2	2 2	2 2	4 4	4 4	3 3	2 2	1 1	2 2	2 2	3 3	0 0	4 2	1 1	3 4	1 1	2 2	3 3	1 2	1 1	3 1	4 4	3 3	1 1	2 2	2 2	2 2	3 4	2 2	3 3	1 1	3 1	4 4	3 3	3 3	2 2	2 2	2 4	4 1	4 3	1 1	2 2	3 3	2 2	2 4	2 2	3 1	1 1	2 3	4 4	2 2	1 1	3 3	4 4	1 1	2 2	1 4	4 4	2 2	1 1	2 1	0 0	3 2	1 1	2 2	2 2	4 4	4 4	4 1	4 3	1 1	2 2	3 3	4 4	3 3	0 0	4 4	4 4	1 4	2 2	1 1	4 4	3 3	3 3
PC_CHN_RST_2018_1508	 	2 2	2 2	2 2	4 4	4 4	3 3	2 2	1 1	2 1	2 2	3 3	1 1	4 4	1 1	3 3	1 1	2 4	3 3	1 1	1 1	3 3	4 4	3 3	1 1	2 2	2 1	2 2	3 3	2 2	3 3	0 0	0 0	4 4	3 3	3 3	2 2	2 2	0 0	0 0	4 4	1 3	2 2	2 2	2 2	2 2	2 2	3 3	1 1	2 3	4 3	2 2	1 1	3 3	4 4	1 3	2 2	1 1	4 4	2 2	1 1	2 1	4 2	3 3	1 3	2 2	2 2	4 4	0 0	4 4	4 4	1 2	2 2	3 3	4 4	0 0	4 2	0 0	4 4	0 0	2 2	1 1	4 4	3 3	3 3
PC_CHN_CS_2017_205A	 	2 2	2 2	0 0	4 4	4 4	3 3	2 2	1 4	2 2	2 4	3 3	1 1	4 4	1 1	3 3	1 1	0 0	3 1	1 2	1 2	3 1	4 4	3 3	1 1	2 2	2 2	2 2	3 3	0 0	3 4	1 1	3 1	4 4	3 3	3 3	2 2	2 4	2 2	4 4	4 3	1 1	0 0	3 3	2 2	2 2	2 2	3 3	1 1	0 0	4 4	2 2	1 1	3 3	4 4	1 1	2 4	0 0	4 4	2 2	1 1	0 0	4 4	3 3	1 1	2 2	2 2	4 4	4 4	4 4	4 4	1 1	2 1	3 3	4 4	3 3	4 4	4 4	4 4	1 1	2 1	1 1	4 4	3 2	3 3
PC_CHN_RST_2018_1537	 	2 2	2 2	2 2	4 4	4 4	3 3	2 2	1 1	2 1	2 2	3 3	1 1	4 4	1 1	3 3	1 1	2 2	0 0	1 1	1 1	3 3	4 4	3 3	1 2	2 4	2 2	2 2	3 3	0 0	3 4	1 1	3 3	4 4	3 3	3 3	2 2	2 2	2 2	4 4	4 4	1 1	2 2	0 0	2 2	2 2	2 2	0 0	1 1	0 0	4 4	2 2	1 4	3 3	4 4	1 1	2 2	0 0	4 4	2 2	1 1	2 2	4 4	3 3	1 1	2 2	2 2	4 4	0 0	4 4	4 4	1 1	2 2	3 3	4 4	3 3	4 4	4 4	4 4	1 4	2 2	1 1	4 4	3 2	3 3
PC_CHN_RST_2018_1546	 	2 2	0 0	2 2	4 4	4 4	3 3	2 2	1 4	2 2	2 2	3 3	1 1	4 4	1 1	3 3	1 1	2 2	3 3	0 0	0 0	3 3	4 4	3 3	1 1	2 2	2 2	2 2	3 3	2 3	3 3	1 1	0 0	4 4	3 3	3 1	2 2	0 0	2 2	4 4	4 4	1 3	2 2	3 3	2 2	2 2	0 0	3 1	1 1	2 2	4 4	2 2	1 1	3 3	4 4	1 1	2 4	1 4	0 0	2 2	1 1	2 1	4 4	3 3	1 1	2 2	2 2	4 4	4 2	0 0	0 0	0 0	2 2	3 3	4 4	3 3	4 4	4 4	4 4	1 1	0 0	1 3	4 4	3 3	3 3
PC_CHN_RST_2018_1564	 	2 2	2 2	2 2	4 4	4 4	3 2	2 2	1 1	2 1	2 4	3 3	0 0	4 4	1 1	0 0	1 1	2 2	3 3	1 1	0 0	3 3	4 4	3 3	1 1	2 2	2 2	2 2	3 4	2 3	0 0	1 1	0 0	4 4	0 0	3 3	2 2	2 4	2 2	4 4	4 4	1 3	2 2	0 0	2 4	2 2	2 2	0 0	1 1	0 0	4 4	2 2	1 1	3 3	4 4	1 1	2 2	0 0	4 4	0 0	1 1	2 1	4 4	3 3	1 1	2 4	2 2	4 4	4 4	4 4	4 4	1 1	2 2	3 3	4 4	0 0	4 4	0 0	4 4	1 1	2 1	0 0	4 4	3 2	3 4
PC_CHN_RST_2018_1582	 	2 2	2 2	2 4	4 4	4 4	3 2	2 2	1 1	2 2	2 2	3 3	1 3	4 2	1 4	3 3	1 1	2 2	3 3	0 0	1 1	0 0	4 2	3 3	1 1	2 2	2 2	2 2	3 3	2 2	3 3	1 1	3 3	4 3	3 3	3 3	2 2	2 2	0 0	4 4	0 0	1 1	2 2	3 3	2 2	2 4	2 2	3 3	1 1	2 2	4 4	2 2	1 1	3 3	4 4	1 1	2 2	1 1	4 4	2 2	0 0	2 2	4 4	3 2	1 1	2 2	2 2	4 4	4 4	4 4	4 4	1 1	2 2	3 1	4 4	3 3	4 4	0 0	4 2	1 4	2 2	1 1	4 1	0 0	3 4
PC_CHN_RST_2018_1619	 	2 2	2 2	2 2	4 4	4 2	3 3	2 2	1 1	2 2	0 0	3 3	1 1	4 4	1 1	3 3	1 1	2 4	3 1	1 1	0 0	3 3	4 4	3 3	1 1	2 2	2 2	2 2	3 3	0 0	3 3	1 1	1 1	4 4	3 3	0 0	0 0	0 0	2 2	4 4	4 4	1 1	2 2	3 3	2 2	2 2	2 2	3 1	1 1	2 2	4 4	2 2	1 1	3 3	4 4	1 3	2 2	1 1	4 4	2 2	1 1	2 2	0 0	3 3	1 1	2 2	2 2	4 4	4 4	4 4	4 4	1 1	2 2	0 0	4 4	0 0	0 0	4 4	4 4	0 0	0 0	0 0	4 4	3 3	3 3
PC_CHN_RST_2018_1636	 	2 2	2 2	2 2	4 4	4 4	3 3	2 1	1 1	0 0	2 4	3 4	1 1	4 4	1 1	3 3	1 1	2 2	3 3	1 2	1 1	3 1	4 4	3 3	1 1	2 2	2 2	2 1	3 3	2 2	3 3	1 1	3 3	4 4	3 3	3 3	2 2	2 2	2 2	4 4	4 3	0 0	2 2	3 3	0 0	2 2	2 2	3 3	1 1	2 3	4 4	2 4	1 1	3 3	4 2	1 1	2 2	1 4	4 4	2 2	1 1	2 2	4 2	3 3	1 1	2 2	2 4	4 4	4 4	4 1	4 4	1 1	2 1	3 3	0 0	3 3	4 2	4 4	4 2	1 1	2 2	1 1	4 1	3 3	3 3
PC_CHN_RST_2018_1654	 	2 2	2 2	2 4	4 4	4 2	3 3	2 1	1 1	2 2	2 4	0 0	1 3	4 4	1 1	0 0	1 1	2 2	3 3	1 1	1 2	3 3	4 4	3 3	1 1	2 2	2 1	2 2	3 3	0 0	3 3	1 1	3 3	4 4	3 1	3 1	2 2	2 4	2 2	4 1	4 4	1 1	2 2	3 3	2 2	2 2	2 4	3 1	1 1	2 2	4 4	2 4	1 1	3 1	4 2	1 1	2 2	1 1	4 4	0 0	1 1	2 2	4 4	3 3	1 1	2 4	2 4	4 4	0 0	4 4	4 4	0 0	0 0	3 3	4 4	3 3	4 4	4 4	0 0	1 1	2 1	1 3	4 1	3 3	3 3
PC_CHN_RST_2018_1672	 	2 4	2 1	2 2	4 4	4 2	3 3	2 2	1 1	2 2	2 4	0 0	1 1	0 0	1 1	3 3	1 1	2 2	3 3	1 2	1 2	3 1	4 4	0 0	1 1	2 2	2 2	2 1	3 3	2 2	3 3	1 1	3 3	4 4	0 0	3 1	0 0	2 2	2 2	4 4	4 3	1 3	2 2	3 3	2 4	2 2	2 2	3 3	1 1	2 2	4 4	0 0	1 1	0 0	0 0	1 1	2 2	1 1	4 4	2 2	1 1	2 2	4 2	0 0	1 3	2 4	0 0	4 4	4 4	4 4	0 0	1 1	2 1	3 3	4 4	3 3	4 2	4 1	4 2	1 4	2 1	1 3	4 4	3 3	3 3
PC_CHN_RST_2018_1699	 	2 2	2 1	2 2	4 4	4 4	3 2	2 1	1 4	2 2	2 2	3 3	1 3	4 4	1 1	3 4	1 3	0 0	0 0	1 1	1 1	3 1	4 4	3 3	1 2	0 0	2 2	0 0	3 3	2 2	3 3	1 1	3 1	4 4	3 1	3 1	2 4	2 4	2 4	4 4	4 3	1 1	2 2	3 3	2 2	2 4	2 2	3 3	1 4	2 2	4 4	2 4	1 1	3 1	4 2	1 1	2 2	1 1	4 4	0 0	1 1	2 2	4 4	3 3	1 1	2 2	2 4	4 4	0 0	4 1	4 4	1 1	2 1	3 3	4 3	3 3	4 4	4 4	4 4	1 4	2 2	1 1	4 4	3 3	3 3
PC_CHN_RST_2018_1735	 	2 2	0 0	2 2	4 4	4 4	3 3	2 2	1 1	2 2	2 2	3 3	1 1	4 2	1 1	0 0	1 1	2 2	3 3	0 0	1 2	0 0	4 2	3 3	1 1	2 2	2 2	2 1	3 3	2 2	0 0	1 1	3 3	4 4	3 3	3 3	2 2	0 0	2 2	4 1	0 0	1 1	2 2	3 3	2 2	2 2	2 2	3 3	1 1	2 2	4 4	2 2	1 1	3 3	4 4	1 1	2 4	1 4	4 4	2 2	1 3	2 2	4 4	3 2	1 3	2 2	2 2	4 4	4 2	0 0	0 0	0 0	0 0	3 3	4 4	3 1	4 4	0 0	4 4	1 1	2 1	1 1	4 4	3 3	3 3
PC_CHN_RST_2018_1744	 	2 4	2 2	2 2	4 3	4 4	3 2	2 1	1 1	2 2	2 2	3 3	1 1	4 4	1 4	3 3	0 0	2 2	0 0	1 1	1 1	3 3	4 4	3 3	1 1	2 2	2 1	2 2	3 3	0 0	3 4	1 1	3 3	4 3	0 0	3 1	2 2	2 2	2 2	4 4	4 4	0 0	2 2	3 3	0 0	2 2	2 4	3 3	0 0	0 0	4 4	2 4	1 1	0 0	4 2	1 1	2 2	1 4	4 4	2 2	0 0	2 2	4 4	3 3	1 3	2 2	2 4	4 3	4 2	4 4	4 4	1 1	2 2	3 3	4 4	3 3	4 4	4 4	4 4	1 4	2 2	1 1	4 4	3 3	3 4
PC_CHN_RST_2018_1762	 	2 4	2 2	2 2	4 4	4 4	3 3	2 1	0 0	2 1	2 2	3 3	1 1	4 4	1 1	3 3	0 0	2 2	3 3	0 0	1 1	0 0	4 4	3 3	1 1	2 2	2 2	2 2	3 3	0 0	3 3	0 0	3 1	4 4	0 0	0 0	2 2	2 4	0 0	4 4	0 0	0 0	2 2	3 3	0 0	2 4	2 2	3 3	0 0	2 2	4 4	2 4	1 1	0 0	4 2	1 1	2 2	1 1	4 1	2 2	0 0	0 0	4 4	3 3	1 1	0 0	2 4	4 4	4 4	4 4	4 4	1 1	2 2	3 3	4 4	0 0	4 4	4 4	4 2	1 1	2 2	1 1	4 4	3 3	3 3
PC_CHN_RST_2018_1771	 	2 2	2 2	2 4	4 4	4 4	3 3	2 2	1 4	2 2	2 4	3 3	1 3	4 4	1 1	3 3	1 1	2 2	3 3	1 1	1 2	3 3	4 4	3 3	1 2	2 2	2 1	2 2	3 3	2 2	3 4	1 1	3 3	4 4	3 3	3 1	2 2	2 4	2 2	4 4	4 4	1 1	2 2	3 3	2 2	2 2	2 4	3 3	1 1	2 3	4 4	2 2	1 4	3 3	4 4	1 1	2 2	1 1	4 4	2 2	1 1	2 2	4 4	3 3	1 3	2 2	2 2	4 4	4 4	4 4	4 4	1 1	2 1	3 1	4 4	3 3	4 4	4 4	4 4	1 1	2 1	1 1	4 4	3 2	3 3
PC_CHN_RST_2018_1780	 	2 2	2 2	2 2	4 4	4 2	3 3	2 2	1 1	2 2	2 2	3 3	0 0	0 0	1 1	0 0	1 1	0 0	3 3	1 1	1 1	3 3	0 0	3 3	1 2	2 4	2 2	0 0	3 4	2 2	3 3	1 1	3 3	4 4	3 3	3 3	2 2	2 4	2 2	4 4	4 4	1 1	2 2	3 3	2 2	2 2	2 2	3 1	1 1	2 2	4 4	2 2	1 1	3 3	4 4	1 1	2 2	1 1	4 4	2 4	1 1	2 2	4 4	0 0	1 1	2 2	2 2	4 4	4 4	0 0	0 0	1 1	2 1	3 3	4 3	3 3	4 4	4 4	4 4	1 4	2 2	1 1	4 4	3 3	3 3
PC_CHN_RST_2018_1789	 	2 2	2 2	2 2	4 4	4 2	3 3	2 2	0 0	2 2	2 2	3 3	1 1	4 4	1 1	3 3	1 1	2 2	3 3	0 0	0 0	0 0	4 4	3 3	1 1	2 2	2 2	2 2	3 3	0 0	3 3	0 0	3 3	4 4	3 3	3 3	2 2	0 0	2 2	4 4	0 0	1 3	2 2	3 3	2 4	2 2	2 4	3 3	1 1	2 2	4 4	2 2	1 4	3 3	4 4	1 1	2 4	1 1	4 4	2 2	1 1	2 1	4 4	3 3	1 1	2 2	2 2	4 4	0 0	4 4	0 0	0 0	2 2	0 0	4 4	3 3	4 4	4 4	4 4	1 1	0 0	1 1	4 1	3 3	3 3
PC_CHN_CS_2017_223A	 	2 4	2 2	2 2	4 3	4 2	3 3	2 2	1 1	2 2	2 4	3 3	1 1	4 2	1 1	3 3	1 1	2 4	3 3	1 2	1 1	3 1	4 4	3 3	1 1	2 2	2 2	2 2	3 4	2 2	3 3	1 1	3 3	4 4	3 3	3 3	2 2	2 4	2 2	0 0	4 3	1 1	2 2	3 3	2 2	2 2	2 2	3 3	1 1	2 2	4 4	2 2	1 1	3 3	4 4	1 1	2 2	1 1	4 4	2 4	1 1	2 2	4 4	3 2	1 1	2 2	2 2	4 3	4 4	4 4	4 4	1 1	2 1	3 3	4 4	3 3	4 4	4 4	4 4	1 1	2 2	1 1	4 4	3 2	3 3
PC_CHN_CS_2017_224A	 	2 4	2 2	2 4	4 3	0 0	3 3	2 2	1 1	2 2	0 0	3 4	1 1	4 4	1 1	3 3	0 0	2 2	3 3	1 1	0 0	3 3	0 0	3 1	1 1	2 2	2 1	2 1	3 4	2 2	3 3	1 1	3 3	4 4	0 0	3 1	2 2	2 2	0 0	4 4	4 4	1 3	2 2	3 2	2 2	2 2	2 2	3 3	0 0	2 2	4 4	2 2	1 1	0 0	4 4	1 1	2 2	1 4	4 4	2 4	1 1	2 2	4 4	3 3	1 1	2 2	2 2	4 3	4 4	4 4	4 4	1 1	2 2	3 1	4 4	3 1	4 4	4 4	4 4	1 1	0 0	1 1	4 1	3 2	3 3
PC_CHN_RST_2018_1834	 	2 4	2 2	2 2	4 4	4 4	3 3	2 1	1 4	2 2	2 4	3 4	1 1	4 4	1 1	3 3	1 3	0 0	3 1	0 0	1 1	3 3	4 4	3 3	1 1	0 0	2 2	2 2	3 3	2 2	3 3	1 1	3 3	4 4	3 1	3 3	2 4	0 0	2 2	4 4	4 4	1 1	0 0	3 3	2 2	2 2	2 2	3 3	1 1	2 2	4 4	2 4	1 1	3 1	4 2	1 1	2 4	1 1	0 0	2 2	1 1	2 2	4 4	3 3	1 1	2 4	2 4	4 4	4 4	4 4	4 3	1 1	2 2	3 3	4 4	3 1	4 4	4 1	4 4	1 4	2 2	1 1	4 1	3 3	3 3
PC_CHN_RST_2018_1952	 	2 2	2 2	0 0	4 4	4 2	3 3	2 2	1 1	0 0	2 2	3 3	1 1	4 4	1 1	3 3	0 0	2 2	0 0	1 1	1 1	3 3	4 4	3 3	1 1	2 2	2 2	2 2	3 3	2 2	3 3	1 1	3 3	4 4	0 0	3 1	2 2	0 0	0 0	4 1	4 4	1 1	2 2	3 3	2 2	0 0	2 2	3 3	0 0	2 2	4 4	2 2	1 1	0 0	4 4	1 1	2 2	1 1	4 4	2 2	0 0	2 2	4 4	3 3	1 1	0 0	2 2	4 4	4 4	4 4	0 0	1 1	2 2	0 0	4 4	3 3	4 4	4 4	4 4	1 1	2 2	1 1	4 4	3 3	3 3
PC_CHN_RST_2018_1853	 	2 2	2 2	2 4	4 4	4 4	3 3	2 2	1 4	2 2	2 2	3 3	1 1	4 4	0 0	3 3	1 1	2 2	0 0	1 1	1 1	3 3	4 4	3 3	1 1	0 0	2 2	2 2	3 3	0 0	3 3	1 1	3 3	4 4	0 0	3 1	2 2	0 0	2 2	4 1	4 4	1 1	2 2	3 3	2 2	2 2	2 2	3 3	1 1	2 2	4 4	2 2	1 1	0 0	4 4	1 1	2 4	1 1	4 4	2 2	1 1	2 2	4 4	3 3	1 1	2 2	2 2	4 4	4 2	4 4	4 4	1 1	2 2	0 0	4 4	3 3	4 4	4 4	4 4	1 1	2 2	1 1	4 4	3 3	3 3
PC_CHN_RST_2018_1871	 	2 2	2 2	2 2	4 4	4 2	3 3	2 2	1 1	2 2	2 2	3 3	1 1	4 4	1 1	3 4	1 1	2 2	0 0	1 1	1 2	3 3	4 4	3 3	1 1	2 2	2 2	2 2	3 3	2 3	3 3	1 1	0 0	4 4	3 3	3 3	0 0	2 4	2 2	4 4	4 4	1 3	2 2	3 3	2 4	2 2	2 2	3 3	1 1	2 3	4 4	2 2	1 1	3 3	4 4	1 1	2 4	1 1	4 1	2 2	1 1	2 1	4 4	3 3	1 1	2 2	2 2	4 4	4 4	4 4	4 4	1 1	0 0	0 0	4 4	3 3	4 4	0 0	4 4	1 1	2 1	1 3	4 4	3 3	3 3
PC_CHN_RST_2018_1880	 	2 2	2 2	2 2	4 3	0 0	3 3	0 0	1 1	0 0	2 4	3 3	1 3	4 2	0 0	3 3	0 0	2 2	3 1	1 1	0 0	3 3	0 0	3 3	1 1	2 2	2 1	0 0	3 3	2 2	3 3	1 1	3 3	0 0	0 0	3 3	2 2	0 0	0 0	4 4	4 4	1 1	2 2	3 3	2 2	2 2	2 4	3 3	0 0	2 2	4 4	0 0	1 1	0 0	0 0	1 3	0 0	1 1	4 4	2 2	0 0	2 1	4 4	3 2	1 1	2 2	2 2	4 3	4 4	4 4	4 4	1 1	2 2	3 1	4 4	0 0	4 4	4 4	4 4	1 1	0 0	1 1	0 0	3 2	3 4
PC_CHN_RST_2018_1898	 	2 4	0 0	2 2	4 4	4 4	3 3	2 2	1 1	2 2	2 2	3 3	1 1	0 0	1 1	3 3	1 1	2 2	3 3	1 1	1 2	3 3	4 2	3 3	1 1	2 2	2 2	2 1	3 3	2 2	3 4	1 1	3 1	4 4	3 3	3 3	0 0	2 4	2 2	4 4	4 4	0 0	2 2	3 3	2 2	2 2	0 0	3 3	1 1	2 2	4 4	2 2	1 1	3 3	4 4	1 1	2 2	1 1	4 4	2 2	1 1	0 0	0 0	0 0	1 3	2 2	2 2	4 4	4 4	0 0	4 4	0 0	2 1	3 3	4 4	3 3	4 2	4 4	4 4	1 4	2 1	1 1	4 1	3 3	3 3
PC_CHN_RST_2018_1970	 	2 2	2 2	2 2	4 4	4 2	3 3	2 2	1 1	2 2	2 2	3 4	1 1	4 2	1 4	3 3	1 1	2 2	3 3	1 1	1 1	3 3	0 0	3 1	1 2	2 2	2 2	0 0	3 3	2 2	0 0	1 1	3 3	4 3	3 3	3 3	2 2	2 4	2 2	4 1	4 4	1 1	2 2	3 3	2 2	2 2	2 2	3 3	1 1	2 2	4 4	2 2	1 4	3 3	4 4	1 1	2 2	1 4	4 1	2 4	1 1	2 2	4 4	3 2	1 1	2 2	2 2	4 4	4 2	4 4	4 3	1 1	2 2	3 3	0 0	3 3	4 4	4 4	4 4	1 1	2 2	1 1	4 1	3 3	3 3
PC_CHN_RST_2018_2079	 	0 0	0 0	0 0	4 4	0 0	0 0	2 2	1 1	2 2	0 0	3 3	1 1	4 2	1 1	0 0	1 1	2 2	3 3	1 1	1 1	3 3	0 0	3 3	0 0	0 0	2 2	0 0	3 3	0 0	0 0	1 1	3 1	4 4	3 3	3 1	2 2	0 0	2 2	4 4	4 4	1 1	0 0	3 3	2 2	2 2	0 0	3 3	1 1	2 2	4 4	2 2	1 1	3 3	4 4	1 1	0 0	1 4	4 4	2 2	0 0	0 0	0 0	3 2	0 0	0 0	2 2	4 4	4 4	0 0	4 4	0 0	2 1	3 1	4 4	3 3	0 0	0 0	4 4	1 1	2 2	1 1	4 4	3 3	3 4
PC_CHN_RST_2018_2133	 	0 0	2 2	2 2	4 4	4 4	3 3	2 2	1 1	0 0	0 0	3 3	1 3	4 2	1 4	3 3	0 0	2 2	3 3	1 1	1 1	3 3	4 4	3 3	1 1	2 2	2 1	2 2	3 4	2 2	0 0	1 1	0 0	4 3	3 3	3 3	2 2	2 2	0 0	4 4	4 4	1 1	2 2	3 3	2 2	2 2	2 2	3 1	0 0	0 0	4 4	2 2	1 4	3 3	4 4	1 1	2 2	1 1	4 4	2 4	0 0	2 2	4 4	3 2	1 1	2 2	2 2	4 4	4 4	4 4	4 4	1 1	2 2	0 0	4 4	3 3	4 4	4 4	4 4	1 1	2 2	1 1	4 4	3 3	3 3
PC_CHN_RST_2018_2151	 	2 4	2 2	2 2	4 4	4 4	3 3	2 2	1 1	0 0	2 2	3 3	0 0	0 0	1 1	3 3	1 1	2 2	3 1	1 1	1 2	3 3	4 4	3 3	1 1	2 2	2 2	2 2	3 3	2 2	3 3	1 1	3 3	4 4	3 3	3 1	2 4	2 2	2 2	4 1	4 4	1 1	2 4	3 3	2 2	2 2	2 2	3 3	1 1	2 2	4 4	2 2	1 4	3 3	4 4	1 1	2 2	1 1	4 4	0 0	1 1	2 2	4 4	0 0	1 1	2 2	2 2	4 4	4 4	4 4	4 4	0 0	2 2	3 3	4 4	0 0	4 4	4 1	4 4	1 1	2 1	0 0	4 4	3 3	3 3
PC_CHN_RST_2018_2178	 	2 2	0 0	2 2	4 4	4 4	3 2	2 1	1 1	0 0	2 2	3 3	1 3	4 4	1 1	0 0	1 3	0 0	3 3	0 0	0 0	0 0	4 4	3 3	1 1	2 2	2 2	2 2	0 0	0 0	3 3	1 1	3 3	4 4	3 1	3 3	0 0	2 2	2 2	4 4	0 0	1 1	2 4	3 2	2 2	2 2	2 2	3 3	1 4	2 3	4 4	2 4	1 1	3 1	4 2	1 1	2 2	1 1	4 4	0 0	0 0	2 2	4 4	3 3	1 1	2 2	2 4	4 4	4 2	4 4	4 4	1 1	2 2	3 3	4 4	3 3	4 4	4 4	0 0	1 1	0 0	1 1	0 0	3 3	3 3
PC_CHN_RST_2018_2187	 	2 4	2 2	2 2	4 4	4 4	3 3	2 2	1 4	2 1	2 4	3 3	1 1	4 2	0 0	3 3	1 1	2 2	0 0	1 1	1 1	3 3	4 4	3 3	1 1	2 2	2 2	0 0	3 3	0 0	3 3	1 1	3 3	0 0	3 3	3 3	2 2	2 4	2 2	4 4	0 0	1 1	2 2	3 3	2 2	2 2	2 2	3 3	1 1	2 2	4 4	2 2	1 4	3 3	4 4	1 1	2 2	1 4	4 4	2 2	1 1	2 1	4 4	3 2	1 1	0 0	2 2	4 4	4 4	4 4	4 4	1 1	2 1	3 1	4 4	0 0	4 4	4 1	4 4	1 1	2 2	1 1	4 4	3 3	3 3
PC_CHN_RST_2018_2196	 	2 4	2 2	2 2	4 4	4 2	3 3	2 2	1 1	2 2	2 2	3 4	0 0	4 4	1 4	3 3	1 1	2 2	3 3	0 0	0 0	0 0	4 4	3 1	1 1	2 2	2 1	2 2	3 3	2 2	3 3	1 1	3 3	4 3	3 3	3 3	2 2	2 2	2 2	0 0	0 0	1 1	2 2	3 3	2 2	2 2	2 2	3 3	1 1	2 3	4 4	2 2	1 4	3 3	4 4	1 1	0 0	1 1	4 4	2 2	1 1	2 1	4 4	3 3	1 1	2 2	2 2	4 4	4 4	4 1	4 4	1 1	2 2	3 3	4 4	3 3	4 4	4 1	4 4	1 4	0 0	1 1	4 4	3 3	3 4
PC_CHN_RST_2018_2241	 	2 4	2 2	2 2	4 4	4 2	3 3	2 2	1 1	2 1	2 2	3 3	0 0	4 4	1 1	3 3	1 1	0 0	3 3	1 2	1 1	3 1	4 4	3 3	1 2	2 2	2 2	2 2	3 3	2 3	3 3	1 1	3 3	4 4	3 3	3 3	2 2	2 2	2 2	4 4	4 3	1 3	2 2	3 3	2 4	2 2	2 2	3 3	1 1	2 2	4 4	2 2	1 1	3 3	4 4	1 1	0 0	1 1	4 4	2 2	1 1	2 2	4 2	3 3	1 3	2 4	2 2	4 4	4 4	4 4	4 4	1 1	2 1	3 1	4 4	3 3	4 2	4 4	0 0	1 1	2 2	1 1	4 4	3 3	3 3
PC_CHN_RST_2018_2259	 	2 2	2 1	2 4	4 4	4 4	3 3	2 2	0 0	2 2	2 4	3 3	1 1	4 4	1 1	0 0	1 1	2 4	3 3	1 1	1 2	3 3	4 4	3 3	0 0	2 2	2 2	2 2	3 3	2 3	3 4	1 1	3 3	4 4	3 3	0 0	0 0	2 2	2 2	4 1	4 4	1 3	2 4	3 3	2 4	2 2	2 2	3 3	1 1	2 2	4 4	2 2	1 1	3 3	4 4	1 1	2 2	1 1	4 4	2 2	1 3	2 1	4 2	3 3	1 1	2 2	2 2	4 4	4 4	4 4	4 4	1 1	0 0	0 0	4 4	3 3	4 2	4 4	4 2	1 1	2 1	1 3	4 4	3 2	3 3
PC_CHN_RST_2018_2277	 	2 2	0 0	2 2	4 4	0 0	0 0	2 2	1 1	0 0	2 4	3 3	0 0	4 4	1 1	3 3	1 1	2 2	3 3	1 1	1 2	3 3	0 0	3 3	1 1	2 2	2 2	0 0	3 4	2 2	3 3	1 1	3 3	4 4	3 3	3 3	2 4	2 4	0 0	0 0	4 4	1 1	2 4	0 0	2 4	2 4	0 0	0 0	1 1	0 0	4 4	2 2	1 4	3 3	4 4	1 1	0 0	0 0	4 4	2 2	1 1	0 0	4 2	3 3	1 3	0 0	2 2	4 4	4 4	0 0	4 4	0 0	2 2	0 0	4 4	0 0	4 2	4 4	4 4	1 1	2 1	1 3	4 4	3 2	3 4
PC_CHN_RST_2018_2295	 	0 0	2 2	2 2	4 4	4 4	3 3	2 1	0 0	0 0	0 0	3 3	1 1	4 4	1 1	3 3	1 1	2 2	3 3	1 1	0 0	3 3	4 2	3 3	1 1	0 0	2 2	2 1	3 3	0 0	3 3	1 3	0 0	4 4	3 1	3 3	2 2	0 0	2 2	4 4	4 4	1 1	2 2	0 0	2 2	2 2	2 4	0 0	1 1	0 0	4 4	2 4	1 4	3 1	4 2	1 1	0 0	0 0	4 4	2 2	1 1	2 2	0 0	3 3	0 0	0 0	2 4	4 4	4 4	4 4	4 4	1 1	2 1	3 3	4 4	3 1	0 0	4 4	4 4	1 4	0 0	0 0	4 4	3 2	3 3
PC_CHN_RST_2018_2322	 	2 2	2 2	2 2	4 4	4 2	3 3	2 1	1 1	0 0	2 2	3 4	0 0	4 4	1 1	3 3	1 3	2 4	3 3	0 0	0 0	0 0	4 4	3 1	1 2	2 2	2 2	2 2	3 3	2 2	3 3	1 1	0 0	4 4	3 1	3 3	2 2	2 2	2 2	4 4	0 0	1 3	2 2	3 2	2 4	2 2	2 2	3 3	1 4	2 3	4 4	2 4	1 1	0 0	4 2	1 1	2 2	1 1	4 4	2 2	1 1	2 2	4 4	3 3	1 1	2 2	2 4	4 4	4 4	4 4	0 0	1 1	2 1	3 3	4 4	0 0	4 4	4 4	4 4	1 1	0 0	1 1	0 0	3 3	3 3
PC_CHN_RST_2018_2410	 	2 2	1 1	2 4	4 4	4 2	3 3	2 2	1 1	2 1	2 2	3 3	1 1	4 4	1 1	3 3	1 1	2 2	3 3	1 1	1 1	3 3	4 4	3 3	1 1	2 4	2 2	2 1	3 4	2 2	3 3	1 1	3 3	4 4	3 3	3 3	2 2	2 2	2 4	4 4	4 4	1 1	2 2	0 0	2 2	2 2	2 2	3 3	1 1	2 2	4 4	2 2	1 1	3 3	4 4	1 1	2 4	1 1	0 0	2 4	1 1	0 0	4 4	3 3	1 1	2 2	2 2	4 4	4 4	4 4	4 4	1 1	2 2	3 1	4 4	3 3	4 4	4 4	4 2	1 1	2 2	1 1	4 4	3 3	3 3
PC_CHN_RST_2018_2428	 	2 2	2 2	2 2	4 4	4 2	3 3	2 2	1 1	2 1	0 0	0 0	1 1	4 4	1 4	3 3	1 1	2 2	3 3	0 0	1 1	3 3	4 4	3 3	1 1	2 2	2 2	2 2	3 3	2 2	3 3	1 1	3 1	4 3	3 3	3 3	2 2	2 4	2 2	4 4	4 4	0 0	2 2	3 3	2 2	2 2	2 2	3 3	1 1	2 2	4 4	2 2	1 1	3 3	4 4	1 1	2 2	1 1	4 4	2 2	1 1	2 1	4 4	3 3	0 0	2 2	2 2	4 4	4 4	4 4	4 4	1 1	2 1	3 3	0 0	3 3	4 4	4 4	4 4	1 4	2 2	1 1	4 1	3 2	3 3
PC_CHN_RST_2018_2437	 	2 4	2 2	2 4	4 3	4 4	3 3	2 2	1 1	2 2	2 2	3 3	1 1	4 4	1 4	3 3	1 1	2 2	3 3	1 1	1 1	3 3	4 4	3 3	1 1	2 2	2 2	2 2	3 3	2 3	3 4	1 1	3 1	4 3	3 3	3 1	0 0	2 2	2 2	4 1	4 4	1 1	2 2	3 3	2 2	0 0	2 2	3 3	1 1	2 2	4 4	2 2	1 1	3 3	4 4	1 1	2 2	1 1	4 4	2 4	1 1	0 0	4 2	3 3	1 3	2 2	2 2	0 0	4 4	4 4	4 3	1 1	2 2	3 3	4 3	3 3	4 2	4 4	4 4	1 4	2 2	1 1	4 4	3 3	3 3
PC_CHN_RST_2018_2465	 	2 2	2 2	2 4	4 3	0 0	3 3	2 2	1 1	2 2	2 2	3 4	1 1	4 4	1 1	3 3	1 1	2 2	1 1	1 2	1 2	3 1	0 0	3 3	1 1	2 2	2 2	0 0	3 3	0 0	3 3	1 1	0 0	0 0	3 3	3 3	0 0	2 2	0 0	4 4	4 3	1 1	2 2	3 3	2 2	2 2	2 4	3 3	0 0	2 2	4 4	2 2	1 4	3 3	0 0	1 1	0 0	1 1	4 4	2 2	1 1	0 0	4 4	3 3	1 3	0 0	2 2	4 3	0 0	4 4	4 4	1 1	2 2	3 3	4 4	0 0	4 4	4 4	4 4	0 0	2 1	1 1	4 4	3 3	3 3
PC_CHN_RST_2018_2474	 	2 4	2 1	2 2	4 4	4 4	3 3	2 2	1 4	2 2	2 2	0 0	1 1	4 4	1 1	0 0	1 1	2 2	3 3	0 0	1 2	0 0	4 4	0 0	1 1	2 2	2 2	2 2	3 3	2 2	0 0	0 0	3 3	4 4	3 3	3 3	2 2	2 2	2 4	4 4	0 0	1 1	2 2	0 0	2 2	2 2	2 2	0 0	1 1	2 2	4 4	2 2	1 1	3 3	4 4	1 1	0 0	0 0	4 4	2 2	1 1	2 2	4 2	3 3	1 1	0 0	2 2	4 4	4 2	4 4	4 4	1 1	2 1	3 3	4 4	0 0	4 2	0 0	4 4	1 1	2 1	1 1	4 1	3 3	3 3
PC_CHN_RST_2018_2483	 	2 2	0 0	2 2	4 4	4 4	3 3	2 2	1 4	2 2	2 2	3 4	1 1	4 2	1 1	3 3	1 1	2 2	0 0	0 0	1 2	0 0	4 2	3 3	1 2	0 0	2 2	2 1	3 3	2 2	3 3	1 1	3 3	4 4	3 3	0 0	2 2	2 2	2 2	0 0	0 0	1 1	2 2	3 3	2 2	2 2	0 0	3 3	1 1	2 2	4 4	2 2	1 1	3 3	4 4	1 3	2 2	1 1	0 0	2 2	1 1	2 2	4 4	3 2	1 3	2 2	2 2	4 4	4 4	4 4	4 4	1 1	2 2	3 3	4 4	0 0	4 4	4 4	4 4	1 1	2 1	1 1	4 4	3 2	3 3
