02_056444.1_9818590	02_056433.1_72356432	02_056460.1_11094200	02_056449.1_3252417	02_056461.1_12946768	02_056449.1_3252246	02_056433.1_72356428	02_056460.1_11094278	02_056437.1_25820710	02_056461.1_12946767	02_056436.1_37990635	02_056449.1_3252191	02_056438.1_34769643	02_056460.1_11094223	02_056452.1_8273558	02_056437.1_25820623	02_056437.1_25820675	02_056433.1_72356460	02_056449.1_3252119	02_056441.1_52069361	02_056449.1_3252120	02_056437.1_25820681	02_056437.1_25820621	02_056460.1_10339361	02_056449.1_3252415	02_056438.1_34769491	02_056444.1_9818642	02_056461.1_12946805	02_056444.1_9868895	02_056433.1_72356444	02_056452.1_18162
0	0	0	0	0	0	0	0	0	0	0	0	0	0	0	0	0	0	0	0	0	0	0	0	0	0	0	0	0	0	0
0.05	0.05	0.05	0.05	0.05	0.05	0.05	0.05	0.05	0.05	0.05	0.05	0.05	0.05	0.05	0.05	0.05	0.05	0.05	0.05	0.05	0.05	0.05	0.05	0.05	0.05	0.05	0.05	0.05	0.05	0.05
0.05	0.05	0.05	0.05	0.05	0.05	0.05	0.05	0.05	0.05	0.05	0.05	0.05	0.05	0.05	0.05	0.05	0.05	0.05	0.05	0.05	0.05	0.05	0.05	0.05	0.05	0.05	0.05	0.05	0.05	0.05

PC_CHN_RST_2018_404	 	1 4	2 2	3 2	1 1	2 1	2 2	2 1	1 4	2 4	1 2	0 0	4 4	4 4	2 2	0 0	4 4	2 4	4 4	4 2	1 1	3 2	1 1	4 4	3 3	2 4	2 4	1 4	2 2	3 3	4 2	2 2
PC_CHN_RST_2018_710	 	1 1	0 0	3 2	1 1	2 1	2 2	2 1	1 1	2 4	1 2	0 0	4 4	4 4	2 2	2 2	4 2	2 4	4 4	4 2	1 1	3 2	1 2	4 2	0 0	2 2	2 4	1 1	2 4	3 1	4 2	2 3
PC_CHN_RST_2018_773	 	1 1	2 2	3 3	1 1	0 0	2 1	2 2	1 1	2 2	0 0	2 2	4 3	4 4	0 0	2 2	4 4	2 2	4 4	0 0	1 1	0 0	1 1	4 4	3 3	0 0	2 2	1 1	2 2	3 3	4 4	2 2
PC_CHN_RST_2018_782	 	1 1	2 2	3 3	1 1	0 0	2 1	0 0	1 1	2 2	1 1	2 4	4 3	4 1	2 2	2 2	4 2	2 2	4 4	4 4	1 1	3 3	1 1	4 2	3 1	2 2	2 2	1 1	2 4	3 3	4 2	2 2
PC_CHN_RST_2018_845	 	0 0	2 1	3 3	1 1	2 1	2 2	2 2	1 1	2 2	1 2	2 2	4 4	4 4	2 2	2 2	4 4	2 2	4 4	4 4	1 1	3 3	1 2	4 4	3 3	2 2	2 4	0 0	2 2	3 3	4 2	2 2
PC_CHN_RST_2018_854	 	1 4	2 2	3 3	1 3	2 2	2 2	2 1	1 1	2 2	1 1	2 2	4 4	4 4	2 2	2 2	0 0	2 4	4 4	0 0	1 1	0 0	1 1	0 0	3 3	0 0	2 4	1 1	2 2	0 0	4 2	2 2
PC_CHN_RST_2018_917	 	1 1	2 2	3 2	1 1	2 1	2 2	2 2	1 1	2 2	1 2	2 2	4 4	0 0	2 1	2 2	4 4	2 2	4 2	4 4	1 3	3 3	1 1	4 4	0 0	2 2	2 2	1 1	2 2	3 1	4 2	2 2
PC_CHN_RST_2018_2023	 	1 1	2 2	3 3	1 1	1 1	2 2	2 1	1 1	0 0	2 2	2 2	4 4	4 1	2 2	2 2	4 4	2 2	4 4	4 4	1 1	3 3	1 1	4 4	3 3	2 2	2 2	1 1	2 2	3 3	4 2	0 0
PC_CHN_RST_2018_1073	 	1 1	2 2	3 3	1 3	2 2	2 1	2 1	1 1	2 2	1 1	2 2	4 4	4 4	2 2	2 1	4 4	2 2	4 4	4 4	1 3	3 3	1 1	4 4	3 3	2 4	2 2	1 1	2 2	0 0	4 2	2 2
PC_CHN_RST_2018_1145	 	1 1	2 2	3 3	1 1	1 1	2 2	2 2	1 4	2 2	2 2	2 2	4 4	0 0	2 1	2 2	4 2	2 2	4 4	4 4	1 1	3 3	1 1	4 2	0 0	2 2	2 2	1 1	2 2	3 1	4 4	2 2
PC_CHN_RST_2018_1209	 	1 1	2 2	3 2	1 3	2 2	2 2	2 2	1 1	2 2	1 1	2 2	4 4	4 4	2 2	2 2	4 4	2 2	4 4	4 4	1 1	3 3	1 1	4 4	3 3	0 0	2 2	1 1	2 2	3 1	4 4	2 2
PC_CHN_CS_2017_127D	 	1 1	2 2	3 2	1 1	2 1	2 2	2 2	1 1	0 0	1 2	0 0	4 4	4 1	2 2	0 0	4 2	2 2	4 4	0 0	1 1	3 2	1 1	4 2	0 0	2 2	2 2	1 1	2 4	3 3	0 0	2 2
PC_CHN_CS_2017_139B	 	1 1	2 2	3 3	0 0	2 2	2 2	2 2	1 1	0 0	1 1	2 2	4 4	4 1	2 2	2 2	4 4	2 2	4 2	4 4	1 1	3 3	1 2	4 4	3 3	0 0	2 2	1 1	2 4	3 1	4 4	2 2
PC_CHN_CS_2017_162A	 	1 1	2 2	3 3	1 1	2 1	2 2	2 2	1 1	2 2	1 2	2 4	4 4	4 4	2 1	2 2	4 4	2 2	4 4	4 2	1 1	3 2	1 1	4 4	0 0	2 2	2 2	1 1	2 4	0 0	4 4	2 2
PC_CHN_CS_2017_173A	 	1 1	2 1	3 3	1 3	2 1	2 2	2 2	1 4	2 2	1 2	2 4	4 4	4 4	2 2	0 0	4 2	2 4	4 4	4 4	1 1	3 3	1 2	4 2	3 3	2 4	2 2	0 0	2 2	3 3	4 2	2 2
PC_CHN_CS_2017_130C	 	1 1	2 2	3 3	1 1	2 2	2 2	2 2	1 1	2 2	1 1	2 4	4 4	4 1	2 2	2 2	4 2	2 2	4 4	4 2	1 1	3 2	1 1	4 2	3 3	2 2	2 4	1 4	2 2	3 1	4 4	2 2
PC_CHN_CS_2017_138C	 	1 1	2 1	3 3	1 1	2 2	2 1	2 2	1 1	2 2	1 1	2 2	4 3	4 4	2 2	0 0	4 4	2 2	4 4	0 0	1 1	0 0	1 2	4 4	3 3	2 2	2 2	1 4	4 4	0 0	4 2	2 3
PC_CHN_CS_2017_197A	 	1 1	2 2	3 3	1 3	2 2	2 2	2 2	0 0	0 0	1 1	0 0	4 3	4 4	2 2	2 2	4 4	2 2	4 4	4 2	0 0	3 2	1 1	4 4	3 3	2 2	2 2	1 1	2 2	3 3	4 4	2 2
PC_CHN_CS_2017_132D	 	1 4	0 0	3 3	1 3	2 1	2 2	0 0	1 4	0 0	1 2	2 2	4 4	4 4	2 2	2 2	0 0	0 0	0 0	0 0	0 0	0 0	0 0	0 0	3 3	2 4	2 2	1 4	2 2	3 3	0 0	0 0
PC_CHN_CS_2017_151B	 	1 1	0 0	3 3	1 1	2 2	2 2	2 2	1 1	0 0	1 1	0 0	4 4	4 4	2 2	2 2	0 0	0 0	4 4	4 4	1 1	3 3	1 1	0 0	3 3	2 2	2 2	1 4	2 2	0 0	4 4	2 2
PC_CHN_CS_2017_228A	 	0 0	2 2	3 3	0 0	0 0	0 0	2 2	1 1	2 2	0 0	0 0	4 4	4 4	2 2	0 0	4 4	0 0	4 4	4 4	1 1	3 3	1 2	4 4	0 0	0 0	2 2	0 0	0 0	0 0	4 4	0 0
PC_CHN_CS_2017_233A	 	1 1	2 2	3 3	1 3	2 2	2 1	2 2	1 1	2 2	1 1	2 2	4 3	4 4	2 2	0 0	4 4	2 2	4 2	4 4	1 1	3 3	1 1	4 4	3 3	2 2	2 2	1 4	2 2	3 3	4 4	2 2
PC_CHN_CS_2017_235A	 	0 0	2 2	3 2	1 1	2 2	2 2	2 2	1 4	0 0	1 1	0 0	4 3	4 4	2 2	0 0	0 0	0 0	4 4	0 0	0 0	0 0	0 0	0 0	3 3	2 2	2 2	1 1	2 2	0 0	4 4	2 2
PC_CHN_CS_2017_156C	 	0 0	2 2	3 3	0 0	0 0	2 2	2 2	1 1	0 0	0 0	0 0	4 4	4 4	2 2	0 0	0 0	0 0	4 4	0 0	1 3	0 0	0 0	0 0	3 3	0 0	2 2	0 0	2 2	3 3	4 4	0 0
PC_CHN_CS_2017_250A	 	1 1	2 2	3 3	1 1	2 2	2 2	2 2	1 4	2 2	1 1	2 4	4 4	4 4	2 2	2 1	4 4	2 4	4 4	4 4	1 1	3 3	1 1	4 4	3 3	0 0	2 2	1 1	2 2	3 3	4 2	2 2
PC_CHN_CS_2017_211A	 	1 4	2 2	3 3	1 1	0 0	2 2	2 2	1 4	2 2	0 0	0 0	4 4	4 4	2 2	0 0	4 4	2 2	4 4	4 4	0 0	3 3	1 1	4 4	3 3	2 2	2 2	1 4	0 0	3 3	4 4	2 2
PC_CHN_CS_2017_142A	 	0 0	2 2	0 0	1 1	2 2	2 2	2 2	1 1	0 0	1 1	2 4	4 4	0 0	0 0	0 0	4 4	2 2	4 4	0 0	1 1	0 0	1 1	4 4	3 3	2 2	2 2	0 0	0 0	0 0	4 4	2 3
PC_CHN_CS_2017_153A	 	1 1	2 2	3 2	1 1	2 1	2 2	2 2	1 1	0 0	1 2	2 2	4 4	4 4	2 2	0 0	0 0	2 2	0 0	4 4	1 1	3 3	0 0	0 0	3 3	2 2	2 2	1 1	2 4	0 0	0 0	2 2
PC_CHN_RST_2018_240	 	1 4	2 2	3 2	1 1	2 1	2 1	2 1	1 1	2 2	1 2	2 2	4 4	4 1	2 2	0 0	0 0	2 4	4 2	0 0	1 3	0 0	1 2	4 4	0 0	2 2	2 4	1 1	2 4	3 1	4 2	2 3
PC_CHN_RST_2018_294	 	1 1	0 0	3 3	1 1	2 1	2 2	2 2	1 1	2 2	1 2	2 2	4 4	4 4	2 1	2 2	4 4	2 2	4 4	4 4	1 1	3 3	1 1	4 4	3 3	2 2	2 4	1 1	2 2	3 3	4 4	2 2
PC_CHN_RST_2018_167	 	1 1	2 1	3 3	1 1	2 1	2 2	2 1	1 1	2 2	1 2	2 4	4 4	4 4	2 2	2 2	4 4	2 2	4 4	4 2	1 3	3 2	1 2	4 4	3 1	2 2	2 4	1 4	2 2	3 3	4 4	2 3
PC_CHN_RST_2018_194	 	1 4	2 2	3 3	0 0	2 1	2 1	2 2	1 1	2 4	1 2	0 0	4 4	4 4	2 2	2 2	4 2	2 2	4 2	4 4	1 1	3 3	1 1	4 2	3 1	0 0	2 4	1 4	2 2	3 1	4 2	2 2
PC_CHN_CS_2017_177A	 	1 1	2 1	3 3	1 1	2 1	2 1	2 1	1 4	2 4	1 2	2 2	4 3	4 4	2 2	2 1	4 2	2 4	4 4	4 4	1 1	3 3	1 1	4 2	3 3	2 2	2 2	1 1	0 0	3 1	4 2	2 3
PC_CHN_RST_2018_250	 	1 4	2 2	3 3	1 1	2 2	0 0	2 2	1 1	2 4	1 1	2 4	4 4	4 4	2 2	2 2	4 4	2 2	4 4	4 4	1 1	3 3	1 1	4 4	3 3	2 2	2 2	1 1	2 2	3 3	4 4	2 2
PC_CHN_RST_2018_259	 	0 0	2 2	3 3	1 1	0 0	2 1	2 1	1 1	2 2	1 1	2 4	4 3	4 1	2 2	2 2	4 2	2 2	4 2	4 4	1 3	3 3	1 1	4 2	3 1	2 2	2 2	1 1	2 2	3 1	4 2	2 2
PC_CHN_RST_2018_286	 	1 4	2 1	3 3	1 1	2 1	2 1	2 1	1 4	2 2	1 2	2 4	4 3	4 4	2 2	2 1	4 4	2 4	4 4	4 4	1 1	3 3	1 2	4 4	3 1	2 2	2 2	1 4	2 4	3 1	4 2	2 2
PC_CHN_RST_2018_304	 	1 1	2 1	3 2	1 3	2 2	2 1	2 1	1 1	2 4	1 1	2 4	4 4	4 1	2 2	0 0	4 4	2 2	4 4	4 4	1 1	3 3	1 2	4 4	3 3	2 4	2 2	1 1	2 4	3 1	4 2	2 2
PC_CHN_RST_2018_323	 	1 4	2 1	3 3	1 1	2 1	2 2	2 2	1 4	2 2	1 2	2 2	4 4	4 4	2 1	2 2	4 4	2 2	4 4	4 2	1 1	3 2	1 1	4 4	3 3	2 2	2 2	0 0	2 2	3 3	4 4	0 0
PC_CHN_RST_2018_326	 	1 4	2 1	3 3	1 1	2 1	2 1	2 2	1 1	2 4	1 2	2 2	4 3	4 4	2 2	2 2	4 2	2 4	4 4	4 2	1 1	3 2	1 2	4 2	3 3	2 2	2 2	1 4	2 2	3 1	4 4	2 2
PC_CHN_RST_2018_350	 	1 1	2 2	3 2	1 1	1 1	2 2	2 2	1 1	0 0	2 2	2 2	4 4	4 1	2 2	2 2	4 4	2 2	4 4	4 2	1 1	3 2	1 2	4 4	3 3	2 2	2 4	1 1	2 2	3 3	4 4	2 3
PC_CHN_RST_2018_359	 	1 1	2 2	3 3	1 1	2 2	2 1	2 2	1 1	2 4	1 1	2 4	4 3	4 4	2 2	2 2	4 4	2 2	4 4	4 4	1 1	3 3	1 1	4 4	3 1	2 2	0 0	1 1	0 0	3 3	4 4	2 3
PC_CHN_CS_2017_129D	 	1 1	2 2	0 0	1 1	2 1	2 1	2 2	1 1	2 2	1 2	2 2	4 3	4 4	2 2	2 2	4 4	2 4	4 4	0 0	1 1	3 3	1 2	4 4	3 3	2 2	2 2	1 1	2 2	3 3	4 4	2 2
PC_CHN_CS_2017_131D	 	1 1	2 2	3 2	1 3	2 1	2 2	2 2	1 1	2 2	1 2	0 0	4 4	4 4	2 2	2 1	4 2	2 2	4 4	4 4	1 1	3 3	1 1	4 2	3 1	2 4	2 2	1 1	2 2	0 0	4 4	2 2
PC_CHN_RST_2018_423	 	0 0	2 2	3 3	1 1	2 1	2 2	2 2	1 1	2 2	1 2	2 4	4 4	4 1	2 1	2 1	4 2	2 2	4 2	4 2	1 3	3 2	1 2	4 2	3 1	2 2	2 2	1 1	2 2	3 3	4 4	2 2
PC_CHN_RST_2018_432	 	1 4	2 2	3 3	1 3	2 2	2 2	2 1	1 1	2 4	1 1	2 2	4 4	4 4	2 2	0 0	4 4	2 2	4 4	4 4	0 0	3 3	1 1	4 4	0 0	2 4	2 2	1 1	2 2	3 3	4 2	0 0
PC_CHN_RST_2018_441	 	1 1	2 2	3 3	1 3	2 2	0 0	2 2	1 1	2 4	1 1	2 4	4 4	4 4	2 2	2 1	4 4	2 2	4 4	0 0	1 1	0 0	1 1	4 4	3 3	2 4	2 2	1 1	0 0	3 1	4 4	2 3
PC_CHN_RST_2018_450	 	1 1	2 2	0 0	0 0	2 2	2 1	2 2	1 1	0 0	1 1	0 0	4 4	4 4	0 0	0 0	0 0	2 2	4 4	4 4	1 3	3 3	1 1	0 0	3 3	2 4	2 4	1 1	2 2	3 3	4 4	2 2
PC_CHN_RST_2018_459	 	1 1	2 2	3 3	1 1	0 0	2 2	0 0	0 0	0 0	0 0	2 2	4 4	4 4	2 2	2 1	4 4	2 2	4 4	4 4	1 1	3 3	1 1	4 4	3 3	2 2	2 4	1 1	2 2	0 0	0 0	2 3
PC_CHN_RST_2018_531	 	1 1	2 2	3 3	1 1	2 2	2 1	2 2	1 1	2 2	1 1	2 2	4 3	4 4	2 2	2 1	4 4	2 2	4 4	4 4	1 3	3 3	1 1	4 4	3 3	2 2	2 2	1 1	2 2	3 3	4 4	0 0
PC_CHN_RST_2018_558	 	1 1	2 2	3 3	1 3	2 1	2 1	2 2	1 1	2 4	1 2	0 0	4 3	4 1	2 2	2 2	4 4	2 4	4 4	4 4	1 3	3 3	1 1	4 4	3 3	2 4	2 2	1 1	2 4	0 0	4 4	2 2
PC_CHN_RST_2018_576	 	1 1	0 0	3 2	1 1	2 1	2 1	2 2	0 0	0 0	1 2	0 0	4 3	4 4	2 2	2 1	0 0	0 0	0 0	4 2	1 1	3 2	0 0	0 0	3 3	2 2	2 2	1 1	2 4	0 0	4 4	2 2
PC_CHN_RST_2018_585	 	1 1	2 2	3 3	1 1	2 2	2 2	2 2	1 1	2 2	1 1	2 4	4 4	0 0	2 2	2 1	4 4	2 4	4 4	0 0	1 1	0 0	1 1	4 4	3 3	2 2	2 2	1 1	2 2	0 0	4 4	2 2
PC_CHN_CS_2017_140C	 	1 1	2 1	3 3	1 1	2 2	2 2	2 2	1 1	2 4	1 1	2 2	4 3	4 4	2 2	0 0	4 2	2 2	0 0	4 2	1 1	3 2	1 1	4 2	3 3	2 2	2 2	1 1	2 2	3 3	4 4	2 2
PC_CHN_RST_2018_612	 	1 1	2 2	3 3	1 3	0 0	2 1	2 2	1 1	2 2	0 0	2 2	4 4	4 1	2 2	2 2	4 4	2 2	0 0	4 4	1 1	3 3	1 1	4 4	3 3	2 4	2 2	1 1	2 2	3 3	4 4	2 3
PC_CHN_RST_2018_666	 	0 0	2 2	3 3	1 3	2 2	2 2	2 2	1 1	0 0	1 1	2 2	4 4	4 4	2 2	0 0	4 4	2 2	4 4	4 4	0 0	3 3	1 1	4 4	3 3	2 4	2 2	0 0	0 0	3 3	4 4	2 2
PC_CHN_CS_2017_142C	 	1 1	2 2	3 3	1 1	2 1	2 2	2 2	1 4	2 2	1 2	0 0	4 4	4 4	2 2	2 1	4 2	2 2	4 4	4 4	1 1	3 3	1 2	4 2	3 3	2 2	2 2	1 1	2 4	3 3	4 4	2 2
PC_CHN_RST_2018_729	 	1 4	2 2	3 3	1 3	0 0	2 1	2 1	1 1	0 0	0 0	2 2	4 4	4 4	2 2	2 2	4 4	2 2	4 4	0 0	1 1	0 0	1 1	4 4	3 1	2 4	2 2	1 4	0 0	3 3	4 2	2 2
PC_CHN_RST_2018_738	 	1 4	2 2	3 3	1 1	2 2	2 1	2 2	1 1	2 4	1 1	2 2	4 3	4 4	2 2	0 0	4 4	2 2	4 4	0 0	1 1	0 0	1 2	4 4	0 0	2 2	0 0	1 1	2 4	0 0	4 4	2 3
PC_CHN_RST_2018_828	 	1 4	0 0	3 3	1 1	2 2	2 1	0 0	1 4	2 2	1 1	2 2	4 3	4 4	0 0	2 2	4 4	2 2	0 0	4 4	1 1	3 3	1 1	4 4	3 3	2 2	2 2	1 1	2 4	0 0	0 0	2 2
PC_CHN_RST_2018_837	 	1 1	2 2	3 3	1 3	2 1	2 2	2 2	1 4	0 0	1 2	2 2	4 4	4 1	2 1	2 1	4 2	2 2	4 2	4 4	1 3	3 3	1 1	4 2	0 0	2 4	2 2	1 4	2 2	3 1	4 4	0 0
PC_CHN_RST_2018_882	 	0 0	2 2	3 3	0 0	2 2	2 2	2 2	1 1	2 2	1 1	2 2	4 4	4 4	2 1	2 2	4 2	2 2	4 4	4 4	1 1	3 3	1 1	4 2	3 3	2 2	2 2	0 0	2 2	0 0	4 4	2 2
PC_CHN_RST_2018_891	 	1 1	2 2	3 3	1 3	0 0	2 2	0 0	1 1	2 2	0 0	2 4	4 4	4 4	2 2	2 2	4 4	2 2	4 4	4 4	0 0	3 3	1 2	4 4	3 3	2 2	2 2	1 4	2 2	3 1	0 0	2 2
PC_CHN_RST_2018_981	 	0 0	2 1	3 2	1 1	2 1	2 1	2 2	1 1	2 2	1 2	2 2	4 3	4 4	2 2	0 0	4 2	2 4	4 2	4 4	1 1	3 3	1 1	4 2	3 3	2 2	2 2	0 0	2 4	3 3	4 2	2 2
PC_CHN_RST_2018_990	 	1 1	2 1	3 2	1 3	2 1	0 0	2 2	1 1	2 2	1 2	2 2	4 4	4 1	2 2	2 1	4 2	2 4	4 2	4 4	1 1	3 3	1 1	4 2	3 3	2 4	2 2	1 1	2 2	3 3	4 4	2 2
PC_CHN_RST_2018_1008	 	1 4	2 2	3 2	1 3	2 2	2 2	2 2	1 1	2 2	1 1	0 0	4 4	4 4	2 2	0 0	4 2	2 4	4 4	4 2	0 0	3 2	1 1	4 2	3 3	2 4	2 2	1 1	2 4	0 0	4 4	2 2
PC_CHN_RST_2018_1017	 	1 1	2 2	0 0	1 1	2 2	2 2	2 1	0 0	2 2	1 1	0 0	4 4	0 0	0 0	2 2	4 4	2 2	4 4	4 4	1 1	3 3	1 1	4 4	0 0	2 2	2 2	1 1	2 2	0 0	4 4	2 2
PC_CHN_RST_2018_1026	 	1 1	2 2	3 3	1 1	2 2	2 2	2 2	1 4	2 4	1 1	0 0	4 4	4 1	2 2	2 1	4 4	2 2	4 4	4 4	1 1	3 3	1 1	4 4	3 3	2 2	2 4	1 1	2 4	3 3	4 4	2 2
PC_CHN_RST_2018_1053	 	1 1	2 2	3 2	1 3	2 1	2 2	2 2	1 1	2 2	1 2	2 2	4 4	4 1	2 1	2 2	4 4	2 2	0 0	0 0	1 1	0 0	1 1	4 4	3 1	2 4	2 2	1 4	2 2	0 0	4 4	2 3
PC_CHN_CS_2017_239A	 	1 1	1 1	3 3	1 1	2 1	2 2	2 2	1 4	2 4	1 2	2 2	4 4	4 1	0 0	2 1	4 4	2 2	4 4	4 2	0 0	3 2	1 1	4 4	0 0	2 2	2 4	1 1	2 2	3 3	4 4	2 2
PC_CHN_RST_2018_1110	 	1 1	2 2	3 3	1 3	2 2	2 2	2 2	1 1	2 2	1 1	0 0	4 3	4 4	2 2	2 1	4 4	2 2	4 4	4 4	1 1	3 3	1 2	4 4	3 3	2 2	2 2	1 4	2 4	3 3	4 4	2 2
PC_CHN_RST_2018_1174	 	1 1	0 0	3 3	1 1	2 1	2 2	0 0	1 1	2 2	1 2	0 0	4 4	4 1	2 2	2 2	4 4	2 2	0 0	4 4	0 0	3 3	1 2	4 4	3 3	2 2	2 2	1 4	2 4	3 3	0 0	2 2
PC_CHN_RST_2018_1201	 	1 4	2 2	3 3	1 1	2 1	2 2	2 2	1 1	2 4	1 2	4 4	4 4	4 1	2 1	2 2	4 4	2 2	4 4	4 4	1 1	3 3	1 1	4 4	0 0	2 2	2 4	1 1	2 2	3 1	4 4	2 2
PC_CHN_CS_2017_158C	 	1 1	2 2	3 3	1 3	2 1	2 1	2 2	1 1	2 2	1 2	2 2	4 3	4 1	2 2	0 0	4 4	2 2	4 4	4 4	1 1	3 3	1 1	4 4	3 3	2 2	2 4	1 1	2 4	3 3	4 4	2 3
PC_CHN_RST_2018_1237	 	0 0	0 0	3 3	1 1	2 2	2 1	2 2	1 1	2 2	1 1	2 2	4 3	4 4	0 0	2 2	4 4	2 2	4 4	4 4	1 1	3 3	1 1	4 4	0 0	2 2	2 2	1 1	2 2	0 0	4 4	2 2
PC_CHN_RST_2018_1282	 	0 0	0 0	3 3	1 1	2 1	2 2	0 0	1 1	2 2	1 2	2 4	4 4	4 4	2 2	2 2	4 4	2 2	0 0	4 4	0 0	3 3	1 1	4 4	0 0	2 2	2 2	1 1	2 2	3 3	0 0	2 2
PC_CHN_RST_2018_1291	 	1 1	2 2	3 3	1 3	2 2	2 1	2 2	0 0	0 0	1 1	0 0	0 0	4 4	2 2	2 2	4 4	2 2	4 4	0 0	1 3	0 0	1 1	4 4	3 3	2 2	2 2	1 1	2 2	3 3	4 4	2 3
PC_CHN_RST_2018_1300	 	1 1	2 2	3 3	1 1	2 2	2 2	2 2	1 1	2 2	1 1	2 2	4 4	4 4	2 2	2 2	4 2	2 4	4 4	4 2	0 0	3 2	1 1	4 2	3 1	2 2	2 2	1 1	2 2	3 3	4 4	2 3
PC_CHN_RST_2018_1309	 	1 4	2 2	3 3	1 3	2 2	2 2	2 2	1 1	2 2	1 1	2 2	4 4	4 1	2 2	2 2	4 4	2 2	4 4	4 4	1 1	3 3	1 1	4 4	3 3	2 2	2 2	1 1	2 4	3 3	4 4	2 2
PC_CHN_RST_2018_1445	 	1 1	2 1	3 3	1 1	2 1	2 1	2 2	1 4	2 4	1 2	2 2	4 3	4 1	2 2	2 1	4 2	2 2	4 4	4 2	1 3	3 2	1 1	4 2	3 1	2 2	2 2	1 1	2 2	3 1	4 4	2 2
PC_CHN_RST_2018_1454	 	1 1	2 1	3 3	1 1	0 0	2 1	2 2	0 0	0 0	0 0	2 2	4 3	4 4	2 2	0 0	0 0	0 0	4 4	4 4	1 3	3 3	1 1	0 0	0 0	2 2	2 2	1 1	2 2	3 3	4 4	2 2
PC_CHN_CS_2017_204A	 	1 1	2 1	3 3	1 1	2 2	2 2	2 2	1 4	2 2	1 1	2 2	4 4	4 4	2 2	2 2	0 0	2 2	4 4	4 2	0 0	3 2	1 1	0 0	3 1	2 2	2 2	1 1	2 2	3 3	4 4	2 3
PC_CHN_RST_2018_1508	 	1 1	2 1	3 3	1 3	2 2	2 1	2 2	0 0	2 2	1 1	2 2	4 3	4 4	2 2	2 1	4 2	2 2	4 4	4 4	1 1	3 3	1 1	4 2	0 0	2 2	2 2	1 1	2 2	3 3	4 4	2 3
PC_CHN_CS_2017_205A	 	1 1	0 0	3 2	1 1	2 1	2 2	2 2	1 1	2 4	1 2	2 4	4 4	4 4	2 1	2 2	4 4	2 2	4 4	4 4	1 1	3 3	1 1	4 4	3 1	2 2	2 2	1 4	2 4	3 3	4 4	0 0
PC_CHN_RST_2018_1537	 	1 4	2 2	3 2	1 1	2 2	2 2	2 2	1 4	2 2	1 1	2 2	4 4	4 4	2 2	2 1	4 4	2 2	4 4	4 4	1 1	3 3	1 2	4 4	3 3	2 2	2 2	1 1	2 2	3 3	4 4	0 0
PC_CHN_RST_2018_1546	 	1 1	2 1	3 3	1 3	0 0	2 2	2 2	1 1	0 0	0 0	2 4	4 4	4 4	2 2	2 2	4 4	2 2	4 4	4 4	1 1	3 3	1 1	4 4	0 0	2 2	2 2	1 4	2 2	3 1	4 4	2 2
PC_CHN_RST_2018_1564	 	1 1	2 1	3 2	1 3	2 1	2 2	2 2	1 1	2 4	0 0	2 2	4 4	4 4	2 2	2 1	4 4	2 2	4 4	4 4	0 0	3 3	1 1	4 4	0 0	2 4	2 2	1 1	2 4	3 3	4 4	0 0
PC_CHN_RST_2018_1582	 	1 1	2 2	0 0	1 1	2 2	2 2	2 2	1 4	2 2	1 1	2 2	4 4	4 1	2 2	2 2	4 4	2 2	4 4	4 2	1 3	3 2	1 1	4 4	3 3	2 2	2 2	1 1	2 2	3 3	4 2	2 2
PC_CHN_RST_2018_1619	 	1 1	2 2	3 3	1 1	0 0	2 2	2 2	0 0	0 0	0 0	2 2	4 4	4 4	2 2	2 2	0 0	2 2	4 2	4 4	1 1	3 3	1 1	0 0	1 1	2 2	2 2	1 1	0 0	0 0	4 4	2 2
PC_CHN_RST_2018_1636	 	1 1	2 2	3 3	0 0	2 2	2 2	2 1	1 1	2 2	1 1	2 2	4 4	4 1	2 1	0 0	4 2	2 2	4 4	4 4	1 1	3 3	1 1	4 2	3 3	0 0	2 4	1 1	2 4	3 3	4 4	2 3
PC_CHN_RST_2018_1654	 	1 1	2 2	3 3	1 1	2 1	2 1	2 2	1 1	2 4	1 2	2 2	4 4	4 1	0 0	2 2	4 4	2 2	4 2	4 4	1 3	3 3	1 1	4 4	3 3	2 2	2 4	1 1	2 4	3 1	4 4	2 2
PC_CHN_RST_2018_1672	 	1 1	2 2	3 3	1 3	2 1	2 2	2 1	1 4	2 2	1 2	2 2	4 4	4 4	2 1	2 2	4 2	2 4	4 2	0 0	1 1	0 0	1 1	4 2	3 3	2 4	0 0	1 1	2 4	3 1	4 4	2 2
PC_CHN_RST_2018_1699	 	1 1	2 2	3 3	1 1	2 2	2 2	0 0	1 4	2 4	1 1	2 2	4 4	4 4	2 1	2 2	4 4	2 2	4 4	4 4	1 3	3 3	1 2	4 4	3 1	2 2	2 4	1 4	2 2	3 1	4 4	2 2
PC_CHN_RST_2018_1735	 	1 1	2 2	3 3	1 1	2 1	2 2	2 1	1 1	0 0	1 2	2 4	4 4	4 4	0 0	2 2	4 4	2 2	4 4	4 2	1 1	3 2	1 1	4 4	3 3	2 2	2 2	1 1	2 2	3 3	4 2	2 2
PC_CHN_RST_2018_1744	 	1 1	2 2	3 3	0 0	2 2	2 1	2 2	1 4	2 2	1 1	2 2	4 4	4 4	2 2	2 2	4 4	2 4	4 4	4 4	1 1	3 3	1 1	4 4	3 3	0 0	2 4	1 1	2 2	3 1	4 4	0 0
PC_CHN_RST_2018_1762	 	1 1	0 0	3 3	0 0	2 2	2 2	2 2	1 1	2 4	1 1	2 2	4 4	4 4	2 2	2 1	4 4	2 4	4 4	4 4	1 1	3 3	1 1	4 4	3 1	0 0	2 4	0 0	2 2	0 0	4 4	2 2
PC_CHN_RST_2018_1771	 	1 4	2 2	3 2	1 1	2 1	2 1	2 2	1 1	2 4	1 2	2 2	4 4	4 4	2 1	2 2	4 4	2 2	4 4	4 4	1 3	3 3	1 2	4 4	3 3	2 2	2 2	1 4	2 4	3 1	4 4	2 3
PC_CHN_RST_2018_1780	 	1 1	2 2	3 3	1 1	2 2	2 2	0 0	1 4	2 4	1 1	2 2	4 4	4 4	2 1	2 2	4 4	2 2	4 2	0 0	0 0	0 0	1 2	4 4	3 3	2 2	2 2	1 1	2 2	3 3	0 0	2 2
PC_CHN_RST_2018_1789	 	1 4	2 1	3 3	1 3	0 0	2 2	2 2	1 1	0 0	0 0	2 4	4 4	4 1	2 2	2 2	4 4	2 2	4 2	4 4	1 1	3 3	1 1	4 4	3 3	2 4	2 2	0 0	2 2	3 3	4 4	2 2
PC_CHN_CS_2017_223A	 	1 1	2 2	3 2	1 1	2 2	2 2	2 2	1 1	2 4	1 1	2 2	4 4	4 4	2 1	2 2	4 4	2 4	4 2	4 2	1 1	3 2	1 1	4 4	3 3	2 2	2 2	1 1	2 4	3 3	4 4	2 2
PC_CHN_CS_2017_224A	 	1 1	2 2	3 2	1 3	0 0	2 1	2 1	1 1	2 2	0 0	2 2	4 4	4 1	2 2	2 2	4 4	2 4	0 0	4 4	1 1	3 3	1 1	4 4	3 3	2 2	2 2	1 1	0 0	3 1	0 0	2 2
PC_CHN_RST_2018_1834	 	1 1	2 2	3 3	1 1	2 2	2 2	2 2	1 4	0 0	1 1	2 4	4 4	4 1	2 2	2 2	4 4	2 4	4 4	4 4	1 1	3 3	1 1	4 4	3 3	2 2	2 4	1 4	2 4	3 3	4 4	2 2
PC_CHN_RST_2018_1952	 	1 1	2 2	3 3	1 1	2 2	2 2	2 2	1 1	0 0	1 1	2 2	4 4	4 4	2 2	0 0	4 4	2 2	4 2	4 4	1 1	3 3	1 1	4 4	3 3	2 2	2 2	1 1	2 2	3 1	4 4	2 2
PC_CHN_RST_2018_1853	 	1 1	2 2	3 3	1 1	2 2	2 2	2 2	1 1	0 0	1 1	2 4	4 4	4 4	2 2	2 2	4 4	2 2	4 4	4 4	1 1	3 3	1 1	4 4	3 3	2 2	2 2	1 4	2 2	3 1	4 4	2 2
PC_CHN_RST_2018_1871	 	1 1	2 1	3 3	1 3	2 1	2 2	2 2	1 1	2 4	1 2	2 4	4 4	4 4	0 0	2 2	4 4	2 2	4 2	4 4	1 1	3 3	1 1	4 4	0 0	2 4	2 2	1 1	2 2	3 3	4 4	2 3
PC_CHN_RST_2018_1880	 	1 1	2 1	3 2	1 1	0 0	2 1	0 0	1 1	0 0	0 0	0 0	4 4	0 0	2 2	0 0	4 4	2 2	0 0	4 2	1 3	3 2	1 1	4 4	3 3	2 2	0 0	1 1	2 4	3 3	0 0	2 2
PC_CHN_RST_2018_1898	 	1 1	0 0	3 3	0 0	2 1	2 2	2 1	1 4	2 4	1 2	2 2	4 4	4 1	2 1	2 2	0 0	2 4	4 4	0 0	1 1	0 0	1 1	4 2	3 1	2 2	2 2	1 1	2 2	3 3	4 2	2 2
PC_CHN_RST_2018_1970	 	1 4	2 2	3 3	1 1	2 2	2 2	0 0	1 1	2 4	1 1	2 2	4 4	4 1	2 2	2 2	4 4	2 2	4 2	4 2	1 1	3 2	1 2	4 4	3 3	2 2	2 2	1 1	2 2	3 3	0 0	2 2
PC_CHN_RST_2018_2079	 	1 1	0 0	3 3	1 1	2 2	2 2	0 0	1 1	0 0	1 1	0 0	4 4	4 4	2 1	2 2	0 0	0 0	0 0	4 2	1 1	3 2	0 0	0 0	3 1	2 2	2 2	1 1	0 0	3 1	0 0	2 2
PC_CHN_RST_2018_2133	 	1 4	2 2	3 3	1 1	2 2	2 1	2 2	1 1	2 2	1 1	2 2	4 4	4 4	2 2	0 0	4 4	0 0	4 4	4 2	1 3	3 2	1 1	4 4	0 0	2 2	2 2	1 1	0 0	3 3	4 4	0 0
PC_CHN_RST_2018_2151	 	1 4	2 2	3 3	1 1	2 1	2 2	2 2	1 1	2 2	1 2	2 2	4 4	4 4	2 2	0 0	4 4	2 4	4 4	0 0	0 0	0 0	1 1	4 4	3 3	2 2	2 2	1 1	2 2	3 1	4 4	2 2
PC_CHN_RST_2018_2178	 	1 1	2 2	3 3	1 1	0 0	2 2	2 2	1 1	2 2	0 0	2 2	4 4	0 0	2 2	0 0	4 4	2 2	4 4	4 4	1 3	3 3	1 1	4 4	3 3	2 2	2 4	1 1	2 2	3 3	4 4	2 3
PC_CHN_RST_2018_2187	 	1 4	2 1	3 3	1 1	2 2	2 2	0 0	1 1	2 4	1 1	2 2	4 4	4 4	2 1	2 1	4 4	2 4	4 4	4 2	1 1	3 2	1 1	4 4	3 3	2 2	2 2	1 4	2 4	3 3	4 4	2 2
PC_CHN_RST_2018_2196	 	1 4	2 1	3 3	1 1	0 0	2 1	2 2	1 4	2 2	0 0	0 0	4 4	4 4	2 2	2 2	4 4	2 4	4 2	4 4	0 0	3 3	1 1	4 4	3 3	2 2	2 2	1 1	2 2	3 3	4 4	2 3
PC_CHN_RST_2018_2241	 	1 1	2 2	3 3	1 3	2 2	2 2	2 2	1 1	2 2	1 1	0 0	4 4	4 4	2 1	2 1	4 2	2 4	4 2	4 4	0 0	3 3	1 2	4 2	3 3	2 4	2 2	1 1	2 2	3 3	4 4	2 2
PC_CHN_RST_2018_2259	 	1 1	2 1	3 2	1 3	2 1	2 2	2 2	1 1	2 2	1 2	2 2	4 4	4 4	0 0	2 2	4 2	2 2	4 4	4 4	1 1	3 3	0 0	4 2	3 3	2 4	2 2	0 0	2 4	0 0	4 4	2 2
PC_CHN_RST_2018_2277	 	1 4	0 0	3 2	1 1	2 1	2 2	0 0	1 1	2 4	1 2	0 0	4 4	4 4	2 2	0 0	4 2	2 2	0 0	4 4	0 0	3 3	1 1	4 2	3 3	2 4	2 2	1 1	2 4	3 3	0 0	0 0
PC_CHN_RST_2018_2295	 	1 4	2 2	3 2	1 1	0 0	2 2	2 1	1 4	0 0	0 0	0 0	4 4	4 4	2 1	0 0	0 0	0 0	4 4	4 4	1 1	3 3	1 1	0 0	0 0	2 2	2 4	0 0	0 0	3 3	4 2	0 0
PC_CHN_RST_2018_2322	 	1 1	2 2	3 3	1 3	0 0	2 2	2 2	1 1	2 2	0 0	2 2	4 4	0 0	2 1	0 0	4 4	2 2	4 2	4 4	0 0	3 3	1 2	4 4	0 0	2 4	2 4	1 1	2 2	3 3	4 4	2 3
PC_CHN_RST_2018_2410	 	1 1	0 0	3 3	1 1	2 2	2 2	2 1	1 1	2 2	1 1	2 4	4 4	4 4	2 2	2 1	4 4	2 2	4 2	4 4	1 1	3 3	1 1	4 4	3 3	2 2	2 2	1 1	2 2	3 3	4 4	2 2
PC_CHN_RST_2018_2428	 	1 1	2 1	3 2	0 0	2 2	2 2	2 2	1 4	2 4	1 1	2 2	4 4	4 1	2 1	2 1	4 4	2 2	4 2	4 4	1 1	3 3	1 1	4 4	3 1	2 2	2 2	1 1	0 0	3 3	4 4	2 2
PC_CHN_RST_2018_2437	 	1 1	0 0	3 3	1 1	2 2	2 2	2 2	1 4	2 2	1 1	2 2	4 4	4 4	2 2	2 2	4 2	2 4	4 4	4 4	1 1	3 3	1 1	4 2	3 1	2 2	2 2	1 1	2 2	3 1	4 4	2 2
PC_CHN_RST_2018_2465	 	1 4	0 0	3 3	1 1	2 1	2 2	0 0	0 0	2 2	1 2	0 0	4 4	4 4	2 2	2 2	4 4	2 2	0 0	4 4	1 1	3 3	1 1	4 4	0 0	2 2	2 2	1 1	2 2	3 3	0 0	2 2
PC_CHN_RST_2018_2474	 	1 1	2 2	3 3	1 1	2 1	2 2	2 2	1 1	2 2	1 2	0 0	4 4	4 1	2 1	2 2	4 2	2 4	4 4	4 4	1 1	3 3	1 1	4 2	3 3	2 2	2 2	1 4	2 2	3 3	4 4	2 2
PC_CHN_RST_2018_2483	 	1 1	2 2	3 2	1 1	2 1	2 2	2 1	1 1	2 2	1 2	2 2	4 4	4 4	2 2	2 2	4 4	2 2	4 4	4 2	1 1	3 2	1 2	4 4	3 3	2 2	2 2	1 4	2 2	0 0	4 2	2 2
